     0.200      9.317
     0.400     10.767
     0.600     12.362
     0.800     14.104
     1.000     15.994
     1.200     18.031
     1.400     20.211
     1.600     22.529
     1.800     24.980
     2.000     27.553
     2.200     30.240
     2.400     33.028
     2.600     35.903
     2.800     38.850
     3.000     41.854
     3.200     44.897
     3.400     47.961
     3.600     51.028
     3.800     54.078
     4.000     57.093
     4.200     60.056
     4.400     62.944
     4.600     65.746
     4.800     68.439
     5.000     71.013
     5.200     73.447
     5.400     75.735
     5.600     77.858
     5.800     79.810
     6.000     81.583
     6.200     83.165
     6.400     84.555
     6.600     85.748
     6.800     86.740
     7.000     87.531
     7.200     88.125
     7.400     88.519
     7.600     88.718
     7.800     88.726
     8.000     88.552
     8.200     88.200
     8.400     87.677
     8.600     86.991
     8.800     86.152
     9.000     85.168
     9.200     84.054
     9.400     82.814
     9.600     81.459
     9.800     80.001
    10.000     78.449
    10.200     76.819
    10.400     75.114
    10.600     73.344
    10.800     71.522
    11.000     69.656
    11.200     67.761
    11.400     65.839
    11.600     63.896
    11.800     61.944
    12.000     59.988
    12.200     58.047
    12.400     56.112
    12.600     54.192
    12.800     52.295
    13.000     50.425
    13.200     48.601
    13.400     46.808
    13.600     45.051
    13.800     43.339
    14.000     41.675
    14.200     40.075
    14.400     38.520
    14.600     37.016
    14.800     35.569
    15.000     34.180
    15.200     32.862
    15.400     31.599
    15.600     30.394
    15.800     29.249
    16.000     28.164
    16.200     27.156
    16.400     26.204
    16.600     25.307
    16.800     24.472
    17.000     23.696
    17.200     22.993
    17.400     22.345
    17.600     21.748
    17.800     21.209
    18.000     20.726
    18.200     20.308
    18.400     19.936
    18.600     19.620
    18.800     19.351
    19.000     19.130
    19.200     18.968
    19.400     18.843
    19.600     18.769
    19.800     18.732
    20.000     18.738
    20.200     18.791
    20.400     18.876
    20.600     19.002
    20.800     19.159
    21.000     19.348
    21.200     19.576
    21.400     19.827
    21.600     20.111
    21.800     20.416
    22.000     20.747
    22.200     21.105
    22.400     21.479
    22.600     21.876
    22.800     22.287
    23.000     22.715
    23.200     23.160
    23.400     23.615
    23.600     24.081
    23.800     24.558
    24.000     25.042
    24.200     25.534
    24.400     26.029
    24.600     26.528
    24.800     27.031
    25.000     27.532
    25.200     28.036
    25.400     28.536
    25.600     29.033
    25.800     29.528
    26.000     30.015
    26.200     30.499
    26.400     30.974
    26.600     31.441
    26.800     31.900
    27.000     32.348
    27.200     32.787
    27.400     33.213
    27.600     33.627
    27.800     34.029
    28.000     34.419
    28.200     34.795
    28.400     35.156
    28.600     35.502
    28.800     35.833
    29.000     36.150
    29.200     36.452
    29.400     36.737
    29.600     37.006
    29.800     37.259
    30.000     37.496
    30.200     37.718
    30.400     37.923
    30.600     38.111
    30.800     38.283
    31.000     38.438
    31.200     38.581
    31.400     38.705
    31.600     38.814
    31.800     38.907
    32.000     38.985
    32.200     39.050
    32.400     39.098
    32.600     39.132
    32.800     39.152
    33.000     39.157
    33.200     39.149
    33.400     39.127
    33.600     39.093
    33.800     39.045
    34.000     38.985
    34.200     38.912
    34.400     38.828
    34.600     38.732
    34.800     38.624
    35.000     38.506
    35.200     38.376
    35.400     38.236
    35.600     38.086
    35.800     37.926
    36.000     37.757
    36.200     37.578
    36.400     37.389
    36.600     37.192
    36.800     36.987
    37.000     36.773
    37.200     36.551
    37.400     36.321
    37.600     36.084
    37.800     35.839
    38.000     35.588
    38.200     35.330
    38.400     35.065
    38.600     34.795
    38.800     34.518
    39.000     34.236
    39.200     33.948
    39.400     33.655
    39.600     33.358
    39.800     33.055
    40.000     32.749
    40.200     32.438
    40.400     32.123
    40.600     31.804
    40.800     31.483
    41.000     31.158
    41.200     30.830
    41.400     30.500
    41.600     30.167
    41.800     29.832
    42.000     29.495
    42.200     29.157
    42.400     28.817
    42.600     28.476
    42.800     28.134
    43.000     27.791
    43.200     27.448
    43.400     27.104
    43.600     26.760
    43.800     26.416
    44.000     26.073
    44.200     25.730
    44.400     25.387
    44.600     25.048
    44.800     24.707
    45.000     24.368
    45.200     24.030
    45.400     23.694
    45.600     23.362
    45.800     23.029
    46.000     22.698
    46.200     22.370
    46.400     22.044
    46.600     21.723
    46.800     21.402
    47.000     21.083
    47.200     20.768
    47.400     20.458
    47.600     20.149
    47.800     19.842
    48.000     19.539
    48.200     19.240
    48.400     18.946
    48.600     18.654
    48.800     18.365
    49.000     18.080
    49.200     17.798
    49.400     17.524
    49.600     17.250
    49.800     16.980
    50.000     16.715
    50.200     16.456
    50.400     16.199
    50.600     15.946
    50.800     15.698
    51.000     15.453
    51.200     15.216
    51.400     14.981
    51.600     14.749
    51.800     14.523
    52.000     14.304
    52.200     14.086
    52.400     13.873
    52.600     13.664
    52.800     13.460
    53.000     13.261
    53.200     13.069
    53.400     12.879
    53.600     12.693
    53.800     12.512
    54.000     12.339
    54.200     12.168
    54.400     12.001
    54.600     11.838
    54.800     11.681
    55.000     11.531
    55.200     11.382
    55.400     11.239
    55.600     11.099
    55.800     10.965
    56.000     10.838
    56.200     10.713
    56.400     10.592
    56.600     10.475
    56.800     10.367
    57.000     10.259
    57.200     10.157
    57.400     10.058
    57.600      9.964
    57.800      9.875
    58.000      9.793
    58.200      9.712
    58.400      9.635
    58.600      9.563
    58.800      9.498
    59.000      9.435
    59.200      9.375
    59.400      9.320
    59.600      9.269
    59.800      9.224
    60.000      9.181
    60.200      9.142
    60.400      9.107
    60.600      9.076
    60.800      9.051
    61.000      9.028
    61.200      9.009
    61.400      8.993
    61.600      8.981
    61.800      8.975
    62.000      8.970
    62.200      8.969
    62.400      8.971
    62.600      8.979
    62.800      8.989
    63.000      9.001
    63.200      9.018
    63.400      9.037
    63.600      9.062
    63.800      9.087
    64.000      9.116
    64.200      9.148
    64.400      9.183
    64.600      9.223
    64.800      9.264
    65.000      9.308
    65.200      9.354
    65.400      9.404
    65.600      9.458
    65.800      9.512
    66.000      9.570
    66.200      9.629
    66.400      9.692
    66.600      9.758
    66.800      9.825
    67.000      9.894
    67.200      9.966
    67.400     10.039
    67.600     10.117
    67.800     10.195
    68.000     10.275
    68.200     10.356
    68.400     10.440
    68.600     10.527
    68.800     10.614
    69.000     10.703
    69.200     10.794
    69.400     10.887
    69.600     10.981
    69.800     11.076
    70.000     11.172
    70.200     11.270
    70.400     11.370
    70.600     11.471
    70.800     11.572
    71.000     11.675
    71.200     11.778
    71.400     11.884
    71.600     11.989
    71.800     12.095
    72.000     12.202
    72.200     12.310
    72.400     12.420
    72.600     12.529
    72.800     12.638
    73.000     12.748
    73.200     12.859
    73.400     12.970
    73.600     13.081
    73.800     13.192
    74.000     13.304
    74.200     13.415
    74.400     13.527
    74.600     13.639
    74.800     13.752
    75.000     13.864
    75.200     13.976
    75.400     14.087
    75.600     14.198
    75.800     14.311
    76.000     14.421
    76.200     14.532
    76.400     14.642
    76.600     14.751
    76.800     14.861
    77.000     14.970
    77.200     15.078
    77.400     15.185
    77.600     15.293
    77.800     15.398
    78.000     15.504
    78.200     15.608
    78.400     15.712
    78.600     15.815
    78.800     15.917
    79.000     16.018
    79.200     16.117
    79.400     16.216
    79.600     16.315
    79.800     16.411
    80.000     16.507
    80.200     16.601
    80.400     16.694
    80.600     16.787
    80.800     16.878
    81.000     16.967
    81.200     17.055
    81.400     17.143
    81.600     17.228
    81.800     17.312
    82.000     17.395
    82.200     17.476
    82.400     17.557
    82.600     17.635
    82.800     17.712
    83.000     17.787
    83.200     17.860
    83.400     17.932
    83.600     18.003
    83.800     18.072
    84.000     18.139
    84.200     18.205
    84.400     18.269
    84.600     18.331
    84.800     18.391
    85.000     18.450
    85.200     18.507
    85.400     18.563
    85.600     18.616
    85.800     18.668
    86.000     18.718
    86.200     18.766
    86.400     18.813
    86.600     18.858
    86.800     18.901
    87.000     18.942
    87.200     18.981
    87.400     19.019
    87.600     19.054
    87.800     19.088
    88.000     19.120
    88.200     19.150
    88.400     19.179
    88.600     19.205
    88.800     19.230
    89.000     19.253
    89.200     19.274
    89.400     19.293
    89.600     19.311
    89.800     19.326
    90.000     19.340
    90.200     19.352
    90.400     19.362
    90.600     19.371
    90.800     19.378
    91.000     19.382
    91.200     19.386
    91.400     19.387
    91.600     19.387
    91.800     19.385
    92.000     19.381
    92.200     19.376
    92.400     19.369
    92.600     19.361
    92.800     19.350
    93.000     19.338
    93.200     19.324
    93.400     19.309
    93.600     19.292
    93.800     19.274
    94.000     19.254
    94.200     19.232
    94.400     19.209
    94.600     19.185
    94.800     19.158
    95.000     19.131
    95.200     19.102
    95.400     19.072
    95.600     19.040
    95.800     19.006
    96.000     18.972
    96.200     18.936
    96.400     18.898
    96.600     18.859
    96.800     18.820
    97.000     18.779
    97.200     18.736
    97.400     18.692
    97.600     18.648
    97.800     18.602
    98.000     18.555
    98.200     18.506
    98.400     18.457
    98.600     18.407
    98.800     18.355
    99.000     18.302
    99.200     18.249
    99.400     18.194
    99.600     18.139
    99.800     18.083
   100.000     18.025
   100.200     17.967
   100.400     17.909
   100.600     17.849
   100.800     17.788
   101.000     17.727
   101.200     17.665
   101.400     17.602
   101.600     17.539
   101.800     17.474
   102.000     17.411
   102.200     17.345
   102.400     17.279
   102.600     17.212
   102.800     17.145
   103.000     17.079
   103.200     17.011
   103.400     16.942
   103.600     16.873
   103.800     16.804
   104.000     16.735
   104.200     16.665
   104.400     16.595
   104.600     16.524
   104.800     16.455
   105.000     16.383
   105.200     16.312
   105.400     16.241
   105.600     16.169
   105.800     16.099
   106.000     16.027
   106.200     15.955
   106.400     15.883
   106.600     15.812
   106.800     15.740
   107.000     15.668
   107.200     15.596
   107.400     15.526
   107.600     15.454
   107.800     15.382
   108.000     15.311
   108.200     15.241
   108.400     15.170
   108.600     15.099
   108.800     15.028
   109.000     14.958
   109.200     14.889
   109.400     14.819
   109.600     14.750
   109.800     14.680
   110.000     14.612
   110.200     14.545
   110.400     14.477
   110.600     14.409
   110.800     14.342
   111.000     14.277
   111.200     14.210
   111.400     14.145
   111.600     14.079
   111.800     14.016
   112.000     13.952
   112.200     13.888
   112.400     13.825
   112.600     13.763
   112.800     13.703
   113.000     13.642
   113.200     13.581
   113.400     13.521
   113.600     13.462
   113.800     13.405
   114.000     13.347
   114.200     13.290
   114.400     13.234
   114.600     13.180
   114.800     13.125
   115.000     13.071
   115.200     13.018
   115.400     12.967
   115.600     12.916
   115.800     12.865
   116.000     12.815
   116.200     12.765
   116.400     12.719
   116.600     12.671
   116.800     12.625
   117.000     12.579
   117.200     12.534
   117.400     12.492
   117.600     12.449
   117.800     12.406
   118.000     12.365
   118.200     12.326
   118.400     12.287
   118.600     12.248
   118.800     12.211
   119.000     12.176
   119.200     12.140
   119.400     12.105
   119.600     12.071
   119.800     12.038
   120.000     12.008
   120.200     11.977
   120.400     11.947
   120.600     11.918
   120.800     11.890
   121.000     11.864
   121.200     11.838
   121.400     11.813
   121.600     11.788
   121.800     11.767
   122.000     11.744
   122.200     11.723
   122.400     11.703
   122.600     11.683
   122.800     11.666
   123.000     11.649
   123.200     11.632
   123.400     11.616
   123.600     11.602
   123.800     11.590
   124.000     11.577
   124.200     11.565
   124.400     11.554
   124.600     11.544
   124.800     11.536
   125.000     11.528
   125.200     11.521
   125.400     11.514
   125.600     11.510
   125.800     11.506
   126.000     11.502
   126.200     11.499
   126.400     11.497
   126.600     11.498
   126.800     11.498
   127.000     11.498
   127.200     11.500
   127.400     11.504
   127.600     11.507
   127.800     11.511
   128.000     11.516
   128.200     11.522
   128.400     11.529
   128.600     11.537
   128.800     11.545
   129.000     11.554
   129.200     11.564
   129.400     11.575
   129.600     11.586
   129.800     11.598
   130.000     11.610
   130.200     11.625
   130.400     11.639
   130.600     11.653
   130.800     11.669
   131.000     11.685
   131.200     11.703
   131.400     11.720
   131.600     11.738
   131.800     11.756
   132.000     11.777
   132.200     11.797
   132.400     11.817
   132.600     11.838
   132.800     11.860
   133.000     11.883
   133.200     11.906
   133.400     11.929
   133.600     11.952
   133.800     11.978
   134.000     12.003
   134.200     12.028
   134.400     12.053
   134.600     12.079
   134.800     12.107
   135.000     12.134
   135.200     12.162
   135.400     12.189
   135.600     12.218
   135.800     12.248
   136.000     12.277
   136.200     12.306
   136.400     12.336
   136.600     12.366
   136.800     12.397
   137.000     12.428
   137.200     12.459
   137.400     12.490
   137.600     12.523
   137.800     12.555
   138.000     12.587
   138.200     12.619
   138.400     12.651
   138.600     12.685
   138.800     12.718
   139.000     12.751
   139.200     12.785
   139.400     12.818
   139.600     12.853
   139.800     12.887
   140.000     12.921
   140.200     12.955
   140.400     12.990
   140.600     13.024
   140.800     13.058
   141.000     13.093
   141.200     13.127
   141.400     13.163
   141.600     13.197
   141.800     13.232
   142.000     13.266
   142.200     13.301
   142.400     13.337
   142.600     13.371
   142.800     13.406
   143.000     13.440
   143.200     13.474
   143.400     13.510
   143.600     13.544
   143.800     13.578
   144.000     13.612
   144.200     13.647
   144.400     13.681
   144.600     13.715
   144.800     13.749
   145.000     13.782
   145.200     13.817
   145.400     13.850
   145.600     13.883
   145.800     13.916
   146.000     13.949
   146.200     13.982
   146.400     14.014
   146.600     14.046
   146.800     14.077
   147.000     14.110
   147.200     14.141
   147.400     14.172
   147.600     14.203
   147.800     14.233
   148.000     14.264
   148.200     14.294
   148.400     14.324
   148.600     14.353
   148.800     14.382
   149.000     14.411
   149.200     14.440
   149.400     14.467
   149.600     14.495
   149.800     14.522
   150.000     14.549
   150.200     14.575
   150.400     14.601
   150.600     14.626
   150.800     14.651
   151.000     14.676
   151.200     14.700
   151.400     14.724
   151.600     14.747
   151.800     14.770
   152.000     14.792
   152.200     14.814
   152.400     14.835
   152.600     14.856
   152.800     14.877
   153.000     14.896
   153.200     14.916
   153.400     14.934
   153.600     14.953
   153.800     14.970
   154.000     14.988
   154.200     15.004
   154.400     15.020
   154.600     15.036
   154.800     15.051
   155.000     15.065
   155.200     15.079
   155.400     15.092
   155.600     15.105
   155.800     15.117
   156.000     15.129
   156.200     15.140
   156.400     15.150
   156.600     15.160
   156.800     15.169
   157.000     15.177
   157.200     15.185
   157.400     15.193
   157.600     15.200
   157.800     15.206
   158.000     15.212
   158.200     15.218
   158.400     15.222
   158.600     15.226
   158.800     15.229
   159.000     15.231
   159.200     15.234
   159.400     15.235
   159.600     15.236
   159.800     15.236
   160.000     15.235
   160.200     15.235
   160.400     15.233
   160.600     15.231
   160.800     15.228
   161.000     15.225
   161.200     15.221
   161.400     15.216
   161.600     15.211
   161.800     15.206
   162.000     15.199
   162.200     15.192
   162.400     15.184
   162.600     15.176
   162.800     15.168
   163.000     15.159
   163.200     15.149
   163.400     15.138
   163.600     15.127
   163.800     15.116
   164.000     15.104
   164.200     15.091
   164.400     15.077
   164.600     15.063
   164.800     15.050
   165.000     15.035
   165.200     15.020
   165.400     15.004
   165.600     14.988
   165.800     14.971
   166.000     14.953
   166.200     14.935
   166.400     14.917
   166.600     14.899
   166.800     14.879
   167.000     14.860
   167.200     14.839
   167.400     14.818
   167.600     14.798
   167.800     14.776
   168.000     14.754
   168.200     14.732
   168.400     14.710
   168.600     14.687
   168.800     14.663
   169.000     14.639
   169.200     14.615
   169.400     14.590
   169.600     14.565
   169.800     14.539
   170.000     14.514
   170.200     14.488
   170.400     14.462
   170.600     14.435
   170.800     14.408
   171.000     14.380
   171.200     14.353
   171.400     14.325
   171.600     14.297
   171.800     14.268
   172.000     14.239
   172.200     14.211
   172.400     14.182
   172.600     14.152
   172.800     14.123
   173.000     14.093
   173.200     14.063
   173.400     14.033
   173.600     14.002
   173.800     13.972
   174.000     13.942
   174.200     13.911
   174.400     13.880
   174.600     13.848
   174.800     13.818
   175.000     13.786
   175.200     13.755
   175.400     13.723
   175.600     13.691
   175.800     13.660
   176.000     13.628
   176.200     13.596
   176.400     13.564
   176.600     13.532
   176.800     13.501
   177.000     13.469
   177.200     13.437
   177.400     13.404
   177.600     13.373
   177.800     13.341
   178.000     13.309
   178.200     13.277
   178.400     13.245
   178.600     13.214
   178.800     13.182
   179.000     13.150
   179.200     13.118
   179.400     13.087
   179.600     13.056
   179.800     13.024
   180.000     12.993
   180.200     12.961
   180.400     12.931
   180.600     12.900
   180.800     12.869
   181.000     12.838
   181.200     12.809
   181.400     12.779
   181.600     12.748
   181.800     12.718
   182.000     12.688
   182.200     12.658
   182.400     12.630
   182.600     12.600
   182.800     12.571
   183.000     12.542
   183.200     12.515
   183.400     12.486
   183.600     12.458
   183.800     12.430
   184.000     12.402
   184.200     12.376
   184.400     12.349
   184.600     12.322
   184.800     12.295
   185.000     12.268
   185.200     12.244
   185.400     12.218
   185.600     12.192
   185.800     12.167
   186.000     12.143
   186.200     12.118
   186.400     12.094
   186.600     12.070
   186.800     12.046
   187.000     12.024
   187.200     12.001
   187.400     11.978
   187.600     11.956
   187.800     11.935
   188.000     11.913
   188.200     11.892
   188.400     11.871
   188.600     11.850
   188.800     11.831
   189.000     11.811
   189.200     11.791
   189.400     11.772
   189.600     11.753
   189.800     11.736
   190.000     11.718
   190.200     11.700
   190.400     11.683
   190.600     11.666
   190.800     11.650
   191.000     11.634
   191.200     11.618
   191.400     11.603
   191.600     11.589
   191.800     11.574
   192.000     11.560
   192.200     11.546
   192.400     11.532
   192.600     11.520
   192.800     11.508
   193.000     11.495
   193.200     11.483
   193.400     11.473
   193.600     11.462
   193.800     11.451
   194.000     11.441
   194.200     11.430
   194.400     11.422
   194.600     11.413
   194.800     11.404
   195.000     11.396
   195.200     11.387
   195.400     11.381
   195.600     11.374
   195.800     11.367
   196.000     11.360
   196.200     11.354
   196.400     11.350
   196.600     11.344
   196.800     11.339
   197.000     11.335
   197.200     11.330
   197.400     11.328
   197.600     11.324
   197.800     11.321
   198.000     11.318
   198.200     11.317
   198.400     11.315
   198.600     11.313
   198.800     11.312
   199.000     11.312
   199.200     11.312
   199.400     11.311
   199.600     11.312
   199.800     11.312
   200.000     11.314
   200.200     11.315
   200.400     11.317
   200.600     11.318
   200.800     11.320
   201.000     11.324
   201.200     11.327
   201.400     11.330
   201.600     11.333
   201.800     11.337
   202.000     11.342
   202.200     11.347
   202.400     11.351
   202.600     11.356
   202.800     11.362
   203.000     11.368
   203.200     11.374
   203.400     11.380
   203.600     11.387
   203.800     11.395
   204.000     11.401
   204.200     11.409
   204.400     11.416
   204.600     11.424
   204.800     11.433
   205.000     11.441
   205.200     11.450
   205.400     11.458
   205.600     11.467
   205.800     11.478
   206.000     11.487
   206.200     11.497
   206.400     11.507
   206.600     11.517
   206.800     11.527
   207.000     11.539
   207.200     11.549
   207.400     11.560
   207.600     11.571
   207.800     11.584
   208.000     11.595
   208.200     11.607
   208.400     11.619
   208.600     11.631
   208.800     11.644
   209.000     11.656
   209.200     11.669
   209.400     11.681
   209.600     11.694
   209.800     11.708
   210.000     11.721
   210.200     11.734
   210.400     11.748
   210.600     11.761
   210.800     11.776
   211.000     11.789
   211.200     11.803
   211.400     11.817
   211.600     11.831
   211.800     11.846
   212.000     11.860
   212.200     11.874
   212.400     11.888
   212.600     11.903
   212.800     11.918
   213.000     11.933
   213.200     11.947
   213.400     11.962
   213.600     11.976
   213.800     11.992
   214.000     12.007
   214.200     12.021
   214.400     12.036
   214.600     12.051
   214.800     12.066
   215.000     12.081
   215.200     12.096
   215.400     12.111
   215.600     12.126
   215.800     12.140
   216.000     12.155
   216.200     12.170
   216.400     12.185
   216.600     12.199
   216.800     12.214
   217.000     12.228
   217.200     12.244
   217.400     12.259
   217.600     12.273
   217.800     12.288
   218.000     12.302
   218.200     12.317
   218.400     12.332
   218.600     12.346
   218.800     12.360
   219.000     12.375
   219.200     12.389
   219.400     12.403
   219.600     12.417
   219.800     12.431
   220.000     12.445
   220.200     12.459
   220.400     12.472
   220.600     12.485
   220.800     12.500
   221.000     12.513
   221.200     12.526
   221.400     12.539
   221.600     12.552
   221.800     12.565
   222.000     12.578
   222.200     12.590
   222.400     12.603
   222.600     12.616
   222.800     12.628
   223.000     12.639
   223.200     12.651
   223.400     12.664
   223.600     12.675
   223.800     12.686
   224.000     12.698
   224.200     12.709
   224.400     12.720
   224.600     12.731
   224.800     12.741
   225.000     12.752
   225.200     12.762
   225.400     12.771
   225.600     12.781
   225.800     12.791
   226.000     12.800
   226.200     12.809
   226.400     12.818
   226.600     12.827
   226.800     12.835
   227.000     12.843
   227.200     12.851
   227.400     12.859
   227.600     12.867
   227.800     12.874
   228.000     12.881
   228.200     12.888
   228.400     12.896
   228.600     12.903
   228.800     12.909
   229.000     12.915
   229.200     12.922
   229.400     12.928
   229.600     12.933
   229.800     12.938
   230.000     12.943
   230.200     12.949
   230.400     12.954
   230.600     12.958
   230.800     12.962
   231.000     12.966
   231.200     12.969
   231.400     12.973
   231.600     12.976
   231.800     12.980
   232.000     12.982
   232.200     12.984
   232.400     12.987
   232.600     12.989
   232.800     12.991
   233.000     12.992
   233.200     12.994
   233.400     12.994
   233.600     12.995
   233.800     12.995
   234.000     12.997
   234.200     12.997
   234.400     12.996
   234.600     12.996
   234.800     12.995
   235.000     12.995
   235.200     12.993
   235.400     12.992
   235.600     12.990
   235.800     12.988
   236.000     12.986
   236.200     12.984
   236.400     12.981
   236.600     12.978
   236.800     12.975
   237.000     12.971
   237.200     12.969
   237.400     12.965
   237.600     12.960
   237.800     12.956
   238.000     12.952
   238.200     12.947
   238.400     12.942
   238.600     12.937
   238.800     12.931
   239.000     12.926
   239.200     12.920
   239.400     12.914
   239.600     12.907
   239.800     12.901
   240.000     12.894
   240.200     12.887
   240.400     12.880
   240.600     12.872
   240.800     12.864
   241.000     12.856
   241.200     12.849
   241.400     12.841
   241.600     12.832
   241.800     12.823
   242.000     12.814
   242.200     12.806
   242.400     12.796
   242.600     12.787
   242.800     12.777
   243.000     12.768
   243.200     12.758
   243.400     12.747
   243.600     12.737
   243.800     12.726
   244.000     12.716
   244.200     12.705
   244.400     12.694
   244.600     12.682
   244.800     12.671
   245.000     12.660
   245.200     12.648
   245.400     12.636
   245.600     12.624
   245.800     12.611
   246.000     12.600
   246.200     12.587
   246.400     12.574
   246.600     12.562
   246.800     12.548
   247.000     12.536
   247.200     12.523
   247.400     12.510
   247.600     12.496
   247.800     12.482
   248.000     12.470
   248.200     12.456
   248.400     12.442
   248.600     12.427
   248.800     12.414
   249.000     12.400
   249.200     12.386
   249.400     12.371
   249.600     12.356
   249.800     12.343
   250.000     12.328
   250.200     12.313
   250.400     12.298
   250.600     12.283
   250.800     12.269
   251.000     12.254
   251.200     12.239
   251.400     12.224
   251.600     12.209
   251.800     12.194
   252.000     12.179
   252.200     12.164
   252.400     12.148
   252.600     12.134
   252.800     12.118
   253.000     12.103
   253.200     12.087
   253.400     12.071
   253.600     12.056
   253.800     12.041
   254.000     12.026
   254.200     12.010
   254.400     11.994
   254.600     11.980
   254.800     11.964
   255.000     11.949
   255.200     11.933
   255.400     11.917
   255.600     11.903
   255.800     11.887
   256.000     11.871
   256.200     11.856
   256.400     11.842
   256.600     11.826
   256.800     11.811
   257.000     11.795
   257.200     11.780
   257.400     11.765
   257.600     11.750
   257.800     11.735
   258.000     11.720
   258.200     11.705
   258.400     11.691
   258.600     11.676
   258.800     11.661
   259.000     11.646
   259.200     11.631
   259.400     11.617
   259.600     11.602
   259.800     11.588
   260.000     11.573
   260.200     11.560
   260.400     11.546
   260.600     11.531
   260.800     11.517
   261.000     11.503
   261.200     11.490
   261.400     11.476
   261.600     11.463
   261.800     11.449
   262.000     11.435
   262.200     11.423
   262.400     11.409
   262.600     11.396
   262.800     11.383
   263.000     11.370
   263.200     11.358
   263.400     11.345
   263.600     11.333
   263.800     11.320
   264.000     11.309
   264.200     11.297
   264.400     11.284
   264.600     11.272
   264.800     11.260
   265.000     11.250
   265.200     11.238
   265.400     11.227
   265.600     11.215
   265.800     11.204
   266.000     11.194
   266.200     11.183
   266.400     11.172
   266.600     11.162
   266.800     11.151
   267.000     11.142
   267.200     11.132
   267.400     11.122
   267.600     11.112
   267.800     11.102
   268.000     11.094
   268.200     11.084
   268.400     11.075
   268.600     11.066
   268.800     11.058
   269.000     11.049
   269.200     11.041
   269.400     11.032
   269.600     11.024
   269.800     11.017
   270.000     11.009
   270.200     11.001
   270.400     10.994
   270.600     10.986
   270.800     10.980
   271.000     10.973
   271.200     10.966
   271.400     10.959
   271.600     10.952
   271.800     10.947
   272.000     10.941
   272.200     10.934
   272.400     10.928
   272.600     10.924
   272.800     10.918
   273.000     10.913
   273.200     10.907
   273.400     10.902
   273.600     10.898
   273.800     10.894
   274.000     10.889
   274.200     10.885
   274.400     10.880
   274.600     10.877
   274.800     10.873
   275.000     10.869
   275.200     10.866
   275.400     10.862
   275.600     10.860
   275.800     10.857
   276.000     10.854
   276.200     10.851
   276.400     10.849
   276.600     10.847
   276.800     10.845
   277.000     10.843
   277.200     10.841
   277.400     10.840
   277.600     10.838
   277.800     10.837
   278.000     10.836
   278.200     10.834
   278.400     10.833
   278.600     10.834
   278.800     10.833
   279.000     10.832
   279.200     10.832
   279.400     10.831
   279.600     10.832
   279.800     10.832
   280.000     10.833
   280.200     10.833
   280.400     10.834
   280.600     10.835
   280.800     10.836
   281.000     10.837
   281.200     10.839
   281.400     10.840
   281.600     10.841
   281.800     10.843
   282.000     10.844
   282.200     10.846
   282.400     10.849
   282.600     10.851
   282.800     10.853
   283.000     10.855
   283.200     10.858
   283.400     10.861
   283.600     10.863
   283.800     10.866
   284.000     10.869
   284.200     10.872
   284.400     10.876
   284.600     10.879
   284.800     10.882
   285.000     10.886
   285.200     10.889
   285.400     10.893
   285.600     10.897
   285.800     10.901
   286.000     10.905
   286.200     10.909
   286.400     10.914
   286.600     10.918
   286.800     10.923
   287.000     10.927
   287.200     10.933
   287.400     10.937
   287.600     10.942
   287.800     10.946
   288.000     10.951
   288.200     10.957
   288.400     10.962
   288.600     10.967
   288.800     10.972
   289.000     10.977
   289.200     10.983
   289.400     10.989
   289.600     10.994
   289.800     11.000
   290.000     11.005
   290.200     11.011
   290.400     11.016
   290.600     11.023
   290.800     11.029
   291.000     11.035
   291.200     11.040
   291.400     11.047
   291.600     11.053
   291.800     11.059
   292.000     11.065
   292.200     11.071
   292.400     11.077
   292.600     11.083
   292.800     11.090
   293.000     11.096
   293.200     11.103
   293.400     11.109
   293.600     11.115
   293.800     11.122
   294.000     11.129
   294.200     11.135
   294.400     11.142
   294.600     11.148
   294.800     11.154
   295.000     11.162
   295.200     11.168
   295.400     11.175
   295.600     11.181
   295.800     11.189
   296.000     11.195
   296.200     11.202
   296.400     11.208
   296.600     11.214
   296.800     11.222
   297.000     11.228
   297.200     11.235
   297.400     11.241
   297.600     11.248
   297.800     11.254
   298.000     11.262
   298.200     11.268
   298.400     11.274
   298.600     11.281
   298.800     11.287
   299.000     11.293
   299.200     11.301
   299.400     11.307
   299.600     11.313
   299.800     11.319
   300.000     11.326
   300.200     11.333
   300.400     11.339
   300.600     11.345
   300.800     11.351
   301.000     11.358
   301.200     11.364
   301.400     11.370
   301.600     11.376
   301.800     11.382
   302.000     11.389
   302.200     11.395
   302.400     11.401
   302.600     11.406
   302.800     11.413
   303.000     11.419
   303.200     11.424
   303.400     11.430
   303.600     11.436
   303.800     11.442
   304.000     11.447
   304.200     11.453
   304.400     11.458
   304.600     11.464
   304.800     11.469
   305.000     11.474
   305.200     11.479
   305.400     11.485
   305.600     11.490
   305.800     11.495
   306.000     11.500
   306.200     11.506
   306.400     11.510
   306.600     11.515
   306.800     11.519
   307.000     11.524
   307.200     11.528
   307.400     11.533
   307.600     11.537
   307.800     11.541
   308.000     11.545
   308.200     11.549
   308.400     11.552
   308.600     11.556
   308.800     11.560
   309.000     11.563
   309.200     11.567
   309.400     11.570
   309.600     11.573
   309.800     11.578
   310.000     11.581
   310.200     11.584
   310.400     11.587
   310.600     11.589
   310.800     11.592
   311.000     11.596
   311.200     11.598
   311.400     11.601
   311.600     11.603
   311.800     11.606
   312.000     11.608
   312.200     11.610
   312.400     11.612
   312.600     11.614
   312.800     11.616
   313.000     11.617
   313.200     11.620
   313.400     11.621
   313.600     11.622
   313.800     11.624
   314.000     11.625
   314.200     11.626
   314.400     11.627
   314.600     11.628
   314.800     11.629
   315.000     11.629
   315.200     11.630
   315.400     11.631
   315.600     11.631
   315.800     11.631
   316.000     11.631
   316.200     11.632
   316.400     11.632
   316.600     11.631
   316.800     11.631
   317.000     11.630
   317.200     11.629
   317.400     11.630
   317.600     11.629
   317.800     11.628
   318.000     11.626
   318.200     11.625
   318.400     11.624
   318.600     11.623
   318.800     11.622
   319.000     11.620
   319.200     11.618
   319.400     11.616
   319.600     11.615
   319.800     11.613
   320.000     11.610
   320.200     11.608
   320.400     11.607
   320.600     11.604
   320.800     11.601
   321.000     11.598
   321.200     11.595
   321.400     11.593
   321.600     11.590
   321.800     11.587
   322.000     11.583
   322.200     11.580
   322.400     11.576
   322.600     11.574
   322.800     11.570
   323.000     11.566
   323.200     11.562
   323.400     11.558
   323.600     11.554
   323.800     11.550
   324.000     11.546
   324.200     11.541
   324.400     11.536
   324.600     11.533
   324.800     11.528
   325.000     11.523
   325.200     11.518
   325.400     11.513
   325.600     11.508
   325.800     11.503
   326.000     11.498
   326.200     11.492
   326.400     11.487
   326.600     11.482
   326.800     11.476
   327.000     11.470
   327.200     11.464
   327.400     11.458
   327.600     11.453
   327.800     11.447
   328.000     11.440
   328.200     11.434
   328.400     11.428
   328.600     11.422
   328.800     11.415
   329.000     11.409
   329.200     11.402
   329.400     11.396
   329.600     11.389
   329.800     11.382
   330.000     11.375
   330.200     11.368
   330.400     11.362
   330.600     11.354
   330.800     11.347
   331.000     11.340
   331.200     11.332
   331.400     11.326
   331.600     11.318
   331.800     11.311
   332.000     11.303
   332.200     11.295
   332.400     11.288
   332.600     11.280
   332.800     11.272
   333.000     11.264
   333.200     11.256
   333.400     11.249
   333.600     11.241
   333.800     11.233
   334.000     11.225
   334.200     11.217
   334.400     11.209
   334.600     11.201
   334.800     11.193
   335.000     11.184
   335.200     11.176
   335.400     11.169
   335.600     11.160
   335.800     11.152
   336.000     11.143
   336.200     11.134
   336.400     11.127
   336.600     11.118
   336.800     11.110
   337.000     11.101
   337.200     11.092
   337.400     11.085
   337.600     11.076
   337.800     11.067
   338.000     11.058
   338.200     11.051
   338.400     11.042
   338.600     11.033
   338.800     11.024
   339.000     11.016
   339.200     11.008
   339.400     10.999
   339.600     10.990
   339.800     10.982
   340.000     10.973
   340.200     10.965
   340.400     10.956
   340.600     10.947
   340.800     10.939
   341.000     10.930
   341.200     10.922
   341.400     10.914
   341.600     10.905
   341.800     10.896
   342.000     10.887
   342.200     10.880
   342.400     10.871
   342.600     10.863
   342.800     10.854
   343.000     10.845
   343.200     10.838
   343.400     10.829
   343.600     10.821
   343.800     10.813
   344.000     10.805
   344.200     10.797
   344.400     10.788
   344.600     10.780
   344.800     10.772
   345.000     10.765
   345.200     10.756
   345.400     10.748
   345.600     10.740
   345.800     10.732
   346.000     10.725
   346.200     10.717
   346.400     10.709
   346.600     10.701
   346.800     10.693
   347.000     10.687
   347.200     10.679
   347.400     10.671
   347.600     10.663
   347.800     10.657
   348.000     10.649
   348.200     10.642
   348.400     10.634
   348.600     10.627
   348.800     10.621
   349.000     10.613
   349.200     10.606
   349.400     10.599
   349.600     10.592
   349.800     10.586
   350.000     10.579
   350.200     10.572
   350.400     10.565
   350.600     10.559
   350.800     10.553
   351.000     10.546
   351.200     10.540
   351.400     10.533
   351.600     10.527
   351.800     10.522
   352.000     10.516
   352.200     10.509
   352.400     10.503
   352.600     10.498
   352.800     10.492
   353.000     10.486
   353.200     10.481
   353.400     10.475
   353.600     10.470
   353.800     10.465
   354.000     10.459
   354.200     10.454
   354.400     10.448
   354.600     10.444
   354.800     10.439
   355.000     10.434
   355.200     10.429
   355.400     10.424
   355.600     10.420
   355.800     10.415
   356.000     10.411
   356.200     10.406
   356.400     10.401
   356.600     10.398
   356.800     10.394
   357.000     10.389
   357.200     10.385
   357.400     10.381
   357.600     10.378
   357.800     10.374
   358.000     10.370
   358.200     10.366
   358.400     10.363
   358.600     10.360
   358.800     10.357
   359.000     10.353
   359.200     10.350
   359.400     10.346
   359.600     10.344
   359.800     10.341
   360.000     10.338
   360.200     10.335
   360.400     10.332
   360.600     10.331
   360.800     10.328
   361.000     10.325
   361.200     10.323
   361.400     10.320
   361.600     10.319
   361.800     10.317
   362.000     10.315
   362.200     10.313
   362.400     10.311
   362.600     10.310
   362.800     10.308
   363.000     10.306
   363.200     10.304
   363.400     10.304
   363.600     10.302
   363.800     10.301
   364.000     10.299
   364.200     10.298
   364.400     10.298
   364.600     10.297
   364.800     10.296
   365.000     10.295
   365.200     10.294
   365.400     10.293
   365.600     10.293
   365.800     10.293
   366.000     10.292
   366.200     10.292
   366.400     10.292
   366.600     10.292
   366.800     10.292
   367.000     10.291
   367.200     10.291
   367.400     10.291
   367.600     10.292
   367.800     10.292
   368.000     10.292
   368.200     10.293
   368.400     10.293
   368.600     10.294
   368.800     10.295
   369.000     10.295
   369.200     10.296
   369.400     10.297
   369.600     10.298
   369.800     10.299
   370.000     10.300
   370.200     10.300
   370.400     10.302
   370.600     10.303
   370.800     10.304
   371.000     10.306
   371.200     10.307
   371.400     10.308
   371.600     10.310
   371.800     10.312
   372.000     10.313
   372.200     10.314
   372.400     10.316
   372.600     10.319
   372.800     10.320
   373.000     10.322
   373.200     10.323
   373.400     10.325
   373.600     10.328
   373.800     10.330
   374.000     10.332
   374.200     10.334
   374.400     10.336
   374.600     10.339
   374.800     10.341
   375.000     10.343
   375.200     10.345
   375.400     10.347
   375.600     10.350
   375.800     10.353
   376.000     10.355
   376.200     10.358
   376.400     10.360
   376.600     10.362
   376.800     10.366
   377.000     10.368
   377.200     10.371
   377.400     10.374
   377.600     10.377
   377.800     10.380
   378.000     10.382
   378.200     10.385
   378.400     10.388
   378.600     10.392
   378.800     10.394
   379.000     10.397
   379.200     10.400
   379.400     10.403
   379.600     10.406
   379.800     10.410
   380.000     10.413
   380.200     10.415
   380.400     10.418
   380.600     10.421
   380.800     10.425
   381.000     10.428
   381.200     10.431
   381.400     10.434
   381.600     10.437
   381.800     10.441
   382.000     10.445
   382.200     10.448
   382.400     10.451
   382.600     10.454
   382.800     10.458
   383.000     10.461
   383.200     10.464
   383.400     10.467
   383.600     10.470
   383.800     10.474
   384.000     10.478
   384.200     10.481
   384.400     10.484
   384.600     10.487
   384.800     10.490
   385.000     10.495
   385.200     10.498
   385.400     10.501
   385.600     10.504
   385.800     10.507
   386.000     10.511
   386.200     10.514
   386.400     10.518
   386.600     10.521
   386.800     10.524
   387.000     10.527
   387.200     10.531
   387.400     10.534
   387.600     10.537
   387.800     10.540
   388.000     10.545
   388.200     10.548
   388.400     10.551
   388.600     10.554
   388.800     10.558
   389.000     10.561
   389.200     10.564
   389.400     10.567
   389.600     10.570
   389.800     10.574
   390.000     10.577
   390.200     10.580
   390.400     10.583
   390.600     10.587
   390.800     10.590
   391.000     10.592
   391.200     10.595
   391.400     10.599
   391.600     10.602
   391.800     10.605
   392.000     10.608
   392.200     10.610
   392.400     10.614
   392.600     10.617
   392.800     10.620
   393.000     10.622
   393.200     10.626
   393.400     10.628
   393.600     10.631
   393.800     10.634
   394.000     10.637
   394.200     10.640
   394.400     10.642
   394.600     10.645
   394.800     10.647
   395.000     10.650
   395.200     10.653
   395.400     10.655
   395.600     10.657
   395.800     10.660
   396.000     10.662
   396.200     10.664
   396.400     10.666
   396.600     10.668
   396.800     10.670
   397.000     10.672
   397.200     10.674
   397.400     10.676
   397.600     10.678
   397.800     10.679
   398.000     10.681
   398.200     10.683
   398.400     10.686
   398.600     10.687
   398.800     10.689
   399.000     10.690
   399.200     10.692
   399.400     10.693
   399.600     10.695
   399.800     10.697
   400.000     10.698
