     0.100      0.002      0.001
     0.200      0.003      0.002
     0.300      0.004      0.003
     0.400      0.005      0.006
     0.500      0.007      0.011
     0.600      0.010      0.019
     0.700      0.013      0.031
     0.800      0.017      0.051
     0.900      0.022      0.082
     1.000      0.029      0.129
     1.100      0.038      0.200
     1.200      0.049      0.306
     1.300      0.063      0.477
     1.400      0.081      0.709
     1.500      0.103      1.026
     1.600      0.130      1.452
     1.700      0.164      2.018
     1.800      0.204      2.755
     1.900      0.254      3.703
     2.000      0.314      4.902
     2.100      0.387      6.395
     2.200      0.474      8.225
     2.300      0.577     10.437
     2.400      0.699     13.073
     2.500      0.844     16.169
     2.600      1.013     19.756
     2.700      1.211     23.856
     2.800      1.441     28.482
     2.900      1.707     33.634
     3.000      2.013     39.295
     3.100      2.364     45.439
     3.200      2.764     52.022
     3.300      3.219     58.985
     3.400      3.732     66.256
     3.500      4.310     73.750
     3.600      4.958     81.372
     3.700      5.682     89.019
     3.800      6.485     96.581
     3.900      7.375    103.950
     4.000      8.357    111.013
     4.100      9.434    117.666
     4.200     10.613    123.811
     4.300     11.898    129.354
     4.400     13.293    134.221
     4.500     14.801    138.347
     4.600     16.427    141.683
     4.700     18.173    144.193
     4.800     20.041    145.861
     4.900     22.032    146.684
     5.000     24.147    146.673
     5.100     26.386    145.857
     5.200     28.747    144.271
     5.300     31.229    141.967
     5.400     33.828    139.000
     5.500     36.541    135.437
     5.600     39.361    131.345
     5.700     42.284    126.798
     5.800     45.302    121.870
     5.900     48.406    116.635
     6.000     51.587    111.165
     6.100     54.835    105.530
     6.200     58.138     99.794
     6.300     61.485     94.016
     6.400     64.862     88.253
     6.500     68.256     82.555
     6.600     71.652     76.963
     6.700     75.035     71.516
     6.800     78.390     66.245
     6.900     81.701     61.174
     7.000     84.954     56.327
     7.100     88.131     51.714
     7.200     91.219     47.350
     7.300     94.201     43.238
     7.400     97.065     39.383
     7.500     99.795     35.782
     7.600    102.379     32.434
     7.700    104.806     29.330
     7.800    107.065     26.465
     7.900    109.146     23.829
     8.000    111.042     21.411
     8.100    112.747     19.201
     8.200    114.254     17.186
     8.300    115.561     15.354
     8.400    116.666     13.693
     8.500    117.569     12.192
     8.600    118.270     10.837
     8.700    118.773      9.618
     8.800    119.081      8.523
     8.900    119.200      7.542
     9.000    119.135      6.665
     9.100    118.895      5.882
     9.200    118.486      5.184
     9.300    117.920      4.564
     9.400    117.204      4.013
     9.500    116.349      3.525
     9.600    115.366      3.093
     9.700    114.264      2.712
     9.800    113.054      2.375
     9.900    111.748      2.078
    10.000    110.355      1.817
    10.100    108.885      1.588
    10.200    107.349      1.387
    10.300    105.755      1.210
    10.400    104.114      1.056
    10.500    102.434      0.921
    10.600    100.722      0.804
    10.700     98.986      0.702
    10.800     97.235      0.614
    10.900     95.473      0.537
    11.000     93.705      0.472
    11.100     91.940      0.416
    11.200     90.182      0.369
    11.300     88.433      0.331
    11.400     86.699      0.299
    11.500     84.984      0.274
    11.600     83.290      0.256
    11.700     81.620      0.244
    11.800     79.976      0.238
    11.900     78.361      0.239
    12.000     76.776      0.245
    12.100     75.221      0.258
    12.200     73.699      0.277
    12.300     72.212      0.303
    12.400     70.757      0.336
    12.500     69.337      0.376
    12.600     67.952      0.425
    12.700     66.601      0.483
    12.800     65.285      0.550
    12.900     64.006      0.627
    13.000     62.759      0.715
    13.100     61.548      0.815
    13.200     60.368      0.927
    13.300     59.224      1.052
    13.400     58.111      1.191
    13.500     57.031      1.346
    13.600     55.984      1.516
    13.700     54.965      1.703
    13.800     53.978      1.907
    13.900     53.021      2.130
    14.000     52.091      2.373
    14.100     51.190      2.635
    14.200     50.318      2.918
    14.300     49.470      3.223
    14.400     48.649      3.550
    14.500     47.854      3.899
    14.600     47.083      4.271
    14.700     46.336      4.667
    14.800     45.611      5.088
    14.900     44.909      5.534
    15.000     44.230      6.004
    15.100     43.571      6.498
    15.200     42.933      7.017
    15.300     42.315      7.561
    15.400     41.716      8.129
    15.500     41.136      8.721
    15.600     40.574      9.336
    15.700     40.027      9.975
    15.800     39.500     10.635
    15.900     38.989     11.317
    16.000     38.493     12.020
    16.100     38.014     12.742
    16.200     37.549     13.483
    16.300     37.099     14.241
    16.400     36.662     15.016
    16.500     36.240     15.806
    16.600     35.830     16.609
    16.700     35.434     17.424
    16.800     35.049     18.250
    16.900     34.677     19.085
    17.000     34.316     19.927
    17.100     33.969     20.776
    17.200     33.630     21.628
    17.300     33.302     22.484
    17.400     32.984     23.340
    17.500     32.677     24.195
    17.600     32.378     25.047
    17.700     32.089     25.896
    17.800     31.809     26.739
    17.900     31.539     27.574
    18.000     31.276     28.400
    18.100     31.021     29.216
    18.200     30.777     30.020
    18.300     30.538     30.810
    18.400     30.307     31.585
    18.500     30.082     32.344
    18.600     29.865     33.085
    18.700     29.656     33.807
    18.800     29.452     34.509
    18.900     29.255     35.190
    19.000     29.066     35.849
    19.100     28.881     36.485
    19.200     28.702     37.097
    19.300     28.528     37.684
    19.400     28.361     38.246
    19.500     28.198     38.782
    19.600     28.042     39.291
    19.700     27.890     39.773
    19.800     27.742     40.228
    19.900     27.599     40.655
    20.000     27.461     41.053
    20.100     27.327     41.424
    20.200     27.199     41.766
    20.300     27.074     42.080
    20.400     26.952     42.366
    20.500     26.834     42.623
    20.600     26.720     42.852
    20.700     26.612     43.053
    20.800     26.505     43.227
    20.900     26.402     43.373
    21.000     26.302     43.492
    21.100     26.206     43.585
    21.200     26.114     43.652
    21.300     26.023     43.692
    21.400     25.935     43.708
    21.500     25.851     43.699
    21.600     25.769     43.666
    21.700     25.690     43.609
    21.800     25.615     43.530
    21.900     25.540     43.428
    22.000     25.468     43.305
    22.100     25.399     43.161
    22.200     25.334     42.997
    22.300     25.268     42.814
    22.400     25.205     42.612
    22.500     25.145     42.391
    22.600     25.086     42.154
    22.700     25.031     41.900
    22.800     24.976     41.630
    22.900     24.922     41.345
    23.000     24.871     41.045
    23.100     24.821     40.732
    23.200     24.775     40.406
    23.300     24.728     40.068
    23.400     24.683     39.718
    23.500     24.640     39.358
    23.600     24.598     38.987
    23.700     24.559     38.606
    23.800     24.519     38.217
    23.900     24.481     37.819
    24.000     24.445     37.414
    24.100     24.409     37.001
    24.200     24.376     36.582
    24.300     24.343     36.158
    24.400     24.311     35.727
    24.500     24.280     35.293
    24.600     24.252     34.854
    24.700     24.222     34.411
    24.800     24.194     33.965
    24.900     24.167     33.516
    25.000     24.141     33.064
    25.100     24.117     32.611
    25.200     24.093     32.157
    25.300     24.069     31.701
    25.400     24.047     31.245
    25.500     24.024     30.789
    25.600     24.004     30.332
    25.700     23.984     29.876
    25.800     23.963     29.421
    25.900     23.944     28.967
    26.000     23.926     28.514
    26.100     23.909     28.063
    26.200     23.891     27.614
    26.300     23.874     27.167
    26.400     23.858     26.722
    26.500     23.844     26.280
    26.600     23.829     25.841
    26.700     23.814     25.405
    26.800     23.799     24.972
    26.900     23.786     24.543
    27.000     23.774     24.117
    27.100     23.761     23.695
    27.200     23.748     23.277
    27.300     23.736     22.862
    27.400     23.724     22.452
    27.500     23.715     22.047
    27.600     23.704     21.645
    27.700     23.693     21.248
    27.800     23.683     20.856
    27.900     23.672     20.468
    28.000     23.664     20.085
    28.100     23.655     19.707
    28.200     23.646     19.333
    28.300     23.637     18.965
    28.400     23.628     18.601
    28.500     23.622     18.242
    28.600     23.614     17.888
    28.700     23.606     17.539
    28.800     23.598     17.195
    28.900     23.591     16.857
    29.000     23.585     16.523
    29.100     23.579     16.194
    29.200     23.572     15.870
    29.300     23.565     15.551
    29.400     23.559     15.237
    29.500     23.554     14.928
    29.600     23.548     14.625
    29.700     23.542     14.326
    29.800     23.537     14.032
    29.900     23.531     13.743
    30.000     23.528     13.458
    30.100     23.523     13.179
    30.200     23.517     12.904
    30.300     23.513     12.634
    30.400     23.508     12.369
    30.500     23.505     12.109
    30.600     23.500     11.853
    30.700     23.495     11.602
    30.800     23.492     11.355
    30.900     23.487     11.113
    31.000     23.484     10.875
    31.100     23.480     10.642
    31.200     23.476     10.413
    31.300     23.472     10.188
    31.400     23.469      9.968
    31.500     23.467      9.752
    31.600     23.463      9.539
    31.700     23.459      9.331
    31.800     23.456      9.127
    31.900     23.453      8.927
    32.000     23.449      8.731
    32.100     23.447      8.539
    32.200     23.444      8.351
    32.300     23.441      8.166
    32.400     23.438      7.985
    32.500     23.435      7.808
    32.600     23.434      7.634
    32.700     23.431      7.463
    32.800     23.427      7.297
    32.900     23.425      7.133
    33.000     23.422      6.973
    33.100     23.421      6.817
    33.200     23.418      6.663
    33.300     23.415      6.513
    33.400     23.413      6.366
    33.500     23.410      6.222
    33.600     23.408      6.081
    33.700     23.406      5.943
    33.800     23.404      5.808
    33.900     23.401      5.675
    34.000     23.399      5.546
    34.100     23.397      5.419
    34.200     23.396      5.295
    34.300     23.393      5.174
    34.400     23.391      5.056
    34.500     23.388      4.940
    34.600     23.386      4.826
    34.700     23.384      4.715
    34.800     23.383      4.607
    34.900     23.381      4.501
    35.000     23.378      4.397
    35.100     23.376      4.295
    35.200     23.374      4.196
    35.300     23.373      4.099
    35.400     23.371      4.005
    35.500     23.368      3.912
    35.600     23.366      3.821
    35.700     23.364      3.733
    35.800     23.362      3.647
    35.900     23.361      3.562
    36.000     23.359      3.480
    36.100     23.356      3.399
    36.200     23.354      3.321
    36.300     23.352      3.244
    36.400     23.350      3.169
    36.500     23.349      3.096
    36.600     23.347      3.025
    36.700     23.345      2.955
    36.800     23.343      2.887
    36.900     23.341      2.821
    37.000     23.340      2.757
    37.100     23.338      2.694
    37.200     23.335      2.632
    37.300     23.333      2.572
    37.400     23.331      2.514
    37.500     23.329      2.458
    37.600     23.328      2.402
    37.700     23.326      2.349
    37.800     23.324      2.296
    37.900     23.321      2.246
    38.000     23.320      2.196
    38.100     23.317      2.148
    38.200     23.317      2.102
    38.300     23.314      2.056
    38.400     23.312      2.013
    38.500     23.310      1.970
    38.600     23.308      1.929
    38.700     23.305      1.889
    38.800     23.305      1.850
    38.900     23.302      1.813
    39.000     23.300      1.777
    39.100     23.298      1.742
    39.200     23.296      1.709
    39.300     23.293      1.676
    39.400     23.292      1.646
    39.500     23.290      1.616
    39.600     23.288      1.588
    39.700     23.285      1.560
    39.800     23.283      1.534
    39.900     23.281      1.509
    40.000     23.280      1.486
    40.100     23.278      1.463
    40.200     23.275      1.442
    40.300     23.273      1.421
    40.400     23.271      1.402
    40.500     23.268      1.384
    40.600     23.266      1.368
    40.700     23.265      1.352
    40.800     23.263      1.338
    40.900     23.260      1.324
    41.000     23.258      1.312
    41.100     23.255      1.301
    41.200     23.253      1.292
    41.300     23.252      1.283
    41.400     23.249      1.276
    41.500     23.247      1.270
    41.600     23.244      1.265
    41.700     23.242      1.261
    41.800     23.239      1.258
    41.900     23.238      1.257
    42.000     23.236      1.256
    42.100     23.233      1.257
    42.200     23.230      1.259
    42.300     23.228      1.262
    42.400     23.226      1.267
    42.500     23.223      1.273
    42.600     23.222      1.279
    42.700     23.219      1.288
    42.800     23.216      1.297
    42.900     23.214      1.308
    43.000     23.212      1.319
    43.100     23.209      1.332
    43.200     23.207      1.347
    43.300     23.205      1.362
    43.400     23.202      1.379
    43.500     23.199      1.397
    43.600     23.197      1.416
    43.700     23.194      1.437
    43.800     23.192      1.459
    43.900     23.190      1.482
    44.000     23.187      1.507
    44.100     23.184      1.532
    44.200     23.182      1.560
    44.300     23.179      1.588
    44.400     23.176      1.618
    44.500     23.175      1.649
    44.600     23.172      1.681
    44.700     23.169      1.715
    44.800     23.166      1.750
    44.900     23.163      1.786
    45.000     23.161      1.824
    45.100     23.158      1.863
    45.200     23.156      1.903
    45.300     23.153      1.945
    45.400     23.151      1.988
    45.500     23.147      2.033
    45.600     23.145      2.079
    45.700     23.142      2.126
    45.800     23.139      2.175
    45.900     23.137      2.225
    46.000     23.134      2.276
    46.100     23.131      2.329
    46.200     23.128      2.383
    46.300     23.125      2.438
    46.400     23.123      2.495
    46.500     23.119      2.554
    46.600     23.118      2.613
    46.700     23.115      2.674
    46.800     23.112      2.736
    46.900     23.108      2.800
    47.000     23.105      2.865
    47.100     23.103      2.932
    47.200     23.099      3.000
    47.300     23.097      3.069
    47.400     23.094      3.139
    47.500     23.091      3.211
    47.600     23.088      3.284
    47.700     23.085      3.359
    47.800     23.082      3.434
    47.900     23.079      3.512
    48.000     23.077      3.590
    48.100     23.073      3.670
    48.200     23.070      3.751
    48.300     23.067      3.833
    48.400     23.064      3.917
    48.500     23.061      4.002
    48.600     23.058      4.088
    48.700     23.056      4.176
    48.800     23.052      4.264
    48.900     23.049      4.354
    49.000     23.045      4.445
    49.100     23.042      4.537
    49.200     23.039      4.630
    49.300     23.036      4.725
    49.400     23.033      4.820
    49.500     23.030      4.917
    49.600     23.027      5.015
    49.700     23.024      5.113
    49.800     23.020      5.213
    49.900     23.017      5.314
    50.000     23.014      5.416
    50.100     23.010      5.519
    50.200     23.008      5.623
    50.300     23.004      5.728
    50.400     23.001      5.834
    50.500     22.997      5.941
    50.600     22.994      6.049
    50.700     22.991      6.158
    50.800     22.987      6.267
    50.900     22.984      6.378
    51.000     22.981      6.489
    51.100     22.978      6.601
    51.200     22.974      6.714
    51.300     22.971      6.827
    51.400     22.967      6.941
    51.500     22.964      7.056
    51.600     22.960      7.172
    51.700     22.958      7.288
    51.800     22.954      7.405
    51.900     22.951      7.522
    52.000     22.947      7.640
    52.100     22.943      7.759
    52.200     22.940      7.878
    52.300     22.936      7.997
    52.400     22.932      8.117
    52.500     22.930      8.238
    52.600     22.926      8.359
    52.700     22.923      8.480
    52.800     22.919      8.602
    52.900     22.915      8.723
    53.000     22.912      8.846
    53.100     22.908      8.968
    53.200     22.904      9.091
    53.300     22.902      9.214
    53.400     22.898      9.337
    53.500     22.894      9.460
    53.600     22.890      9.584
    53.700     22.886      9.707
    53.800     22.883      9.831
    53.900     22.879      9.954
    54.000     22.875     10.078
    54.100     22.872     10.201
    54.200     22.869     10.324
    54.300     22.865     10.448
    54.400     22.861     10.571
    54.500     22.857     10.694
    54.600     22.853     10.816
    54.700     22.849     10.939
    54.800     22.846     11.061
    54.900     22.843     11.183
    55.000     22.839     11.304
    55.100     22.835     11.425
    55.200     22.831     11.546
    55.300     22.827     11.667
    55.400     22.823     11.786
    55.500     22.819     11.906
    55.600     22.815     12.025
    55.700     22.811     12.143
    55.800     22.808     12.261
    55.900     22.804     12.378
    56.000     22.801     12.494
    56.100     22.796     12.610
    56.200     22.792     12.725
    56.300     22.789     12.840
    56.400     22.785     12.954
    56.500     22.781     13.067
    56.600     22.777     13.179
    56.700     22.773     13.290
    56.800     22.769     13.401
    56.900     22.765     13.510
    57.000     22.761     13.619
    57.100     22.757     13.727
    57.200     22.753     13.834
    57.300     22.749     13.940
    57.400     22.745     14.044
    57.500     22.742     14.148
    57.600     22.738     14.251
    57.700     22.734     14.353
    57.800     22.729     14.454
    57.900     22.725     14.553
    58.000     22.721     14.652
    58.100     22.717     14.749
    58.200     22.713     14.846
    58.300     22.710     14.941
    58.400     22.705     15.034
    58.500     22.701     15.127
    58.600     22.697     15.218
    58.700     22.693     15.309
    58.800     22.689     15.398
    58.900     22.685     15.485
    59.000     22.680     15.571
    59.100     22.676     15.656
    59.200     22.673     15.740
    59.300     22.668     15.822
    59.400     22.664     15.903
    59.500     22.660     15.983
    59.600     22.656     16.061
    59.700     22.651     16.137
    59.800     22.647     16.213
    59.900     22.643     16.287
    60.000     22.639     16.359
    60.100     22.635     16.430
    60.200     22.631     16.499
    60.300     22.626     16.567
    60.400     22.622     16.634
    60.500     22.618     16.699
    60.600     22.613     16.762
    60.700     22.609     16.824
    60.800     22.605     16.884
    60.900     22.600     16.943
    61.000     22.596     17.000
    61.100     22.593     17.056
    61.200     22.588     17.110
    61.300     22.584     17.163
    61.400     22.579     17.214
    61.500     22.575     17.263
    61.600     22.571     17.311
    61.700     22.566     17.357
    61.800     22.562     17.402
    61.900     22.557     17.445
    62.000     22.554     17.486
    62.100     22.549     17.526
    62.200     22.545     17.565
    62.300     22.540     17.601
    62.400     22.536     17.637
    62.500     22.531     17.671
    62.600     22.527     17.703
    62.700     22.523     17.735
    62.800     22.518     17.765
    62.900     22.514     17.794
    63.000     22.510     17.823
    63.100     22.505     17.850
    63.200     22.501     17.877
    63.300     22.496     17.903
    63.400     22.492     17.928
    63.500     22.487     17.952
    63.600     22.483     17.976
    63.700     22.478     18.000
    63.800     22.474     18.023
    63.900     22.469     18.045
    64.000     22.466     18.067
    64.100     22.461     18.089
    64.200     22.457     18.111
    64.300     22.452     18.132
    64.400     22.447     18.154
    64.500     22.443     18.175
    64.600     22.438     18.196
    64.700     22.434     18.217
    64.800     22.429     18.239
    64.900     22.424     18.260
    65.000     22.421     18.282
    65.100     22.416     18.304
    65.200     22.411     18.327
    65.300     22.407     18.350
    65.400     22.402     18.373
    65.500     22.397     18.397
    65.600     22.393     18.421
    65.700     22.388     18.446
    65.800     22.384     18.472
    65.900     22.379     18.498
    66.000     22.375     18.525
    66.100     22.370     18.552
    66.200     22.366     18.580
    66.300     22.361     18.609
    66.400     22.356     18.638
    66.500     22.352     18.667
    66.600     22.347     18.697
    66.700     22.343     18.727
    66.800     22.338     18.758
    66.900     22.333     18.789
    67.000     22.329     18.820
    67.100     22.324     18.852
    67.200     22.320     18.883
    67.300     22.315     18.914
    67.400     22.310     18.945
    67.500     22.305     18.976
    67.600     22.301     19.007
    67.700     22.296     19.037
    67.800     22.292     19.067
    67.900     22.287     19.096
    68.000     22.282     19.124
    68.100     22.278     19.152
    68.200     22.273     19.178
    68.300     22.269     19.203
    68.400     22.264     19.228
    68.500     22.259     19.250
    68.600     22.254     19.272
    68.700     22.249     19.292
    68.800     22.245     19.310
    68.900     22.240     19.326
    69.000     22.235     19.341
    69.100     22.230     19.353
    69.200     22.227     19.363
    69.300     22.222     19.371
    69.400     22.217     19.377
    69.500     22.212     19.380
    69.600     22.207     19.380
    69.700     22.202     19.378
    69.800     22.198     19.373
    69.900     22.193     19.365
    70.000     22.188     19.354
    70.100     22.183     19.340
    70.200     22.179     19.323
    70.300     22.175     19.302
    70.400     22.170     19.278
    70.500     22.165     19.251
    70.600     22.160     19.221
    70.700     22.155     19.187
    70.800     22.150     19.150
    70.900     22.145     19.109
    71.000     22.141     19.066
    71.100     22.136     19.018
    71.200     22.131     18.968
    71.300     22.126     18.914
    71.400     22.121     18.857
    71.500     22.117     18.796
    71.600     22.112     18.732
    71.700     22.108     18.665
    71.800     22.103     18.595
    71.900     22.098     18.522
    72.000     22.093     18.445
    72.100     22.088     18.366
    72.200     22.083     18.283
    72.300     22.079     18.197
    72.400     22.074     18.109
    72.500     22.069     18.017
    72.600     22.064     17.922
    72.700     22.060     17.825
    72.800     22.055     17.724
    72.900     22.050     17.621
    73.000     22.045     17.515
    73.100     22.040     17.407
    73.200     22.035     17.296
    73.300     22.031     17.182
    73.400     22.026     17.066
    73.500     22.021     16.947
    73.600     22.016     16.826
    73.700     22.011     16.703
    73.800     22.006     16.578
    73.900     22.002     16.450
    74.000     21.997     16.321
    74.100     21.992     16.189
    74.200     21.987     16.057
    74.300     21.983     15.922
    74.400     21.978     15.786
    74.500     21.973     15.648
    74.600     21.968     15.509
    74.700     21.963     15.369
    74.800     21.958     15.227
    74.900     21.953     15.085
    75.000     21.948     14.941
    75.100     21.944     14.796
    75.200     21.939     14.650
    75.300     21.934     14.503
    75.400     21.929     14.355
    75.500     21.925     14.207
    75.600     21.920     14.059
    75.700     21.915     13.910
    75.800     21.910     13.760
    75.900     21.905     13.610
    76.000     21.900     13.460
    76.100     21.895     13.310
    76.200     21.890     13.159
    76.300     21.885     13.009
    76.400     21.881     12.858
    76.500     21.876     12.708
    76.600     21.871     12.558
    76.700     21.867     12.408
    76.800     21.862     12.258
    76.900     21.857     12.108
    77.000     21.852     11.959
    77.100     21.847     11.811
    77.200     21.842     11.663
    77.300     21.837     11.515
    77.400     21.832     11.369
    77.500     21.827     11.222
    77.600     21.822     11.077
    77.700     21.818     10.932
    77.800     21.813     10.788
    77.900     21.808     10.645
    78.000     21.804     10.503
    78.100     21.799     10.361
    78.200     21.794     10.221
    78.300     21.789     10.081
    78.400     21.784      9.943
    78.500     21.779      9.806
    78.600     21.774      9.669
    78.700     21.769      9.534
    78.800     21.764      9.400
    78.900     21.760      9.267
    79.000     21.755      9.136
    79.100     21.750      9.005
    79.200     21.746      8.876
    79.300     21.741      8.748
    79.400     21.736      8.621
    79.500     21.731      8.496
    79.600     21.726      8.372
    79.700     21.721      8.249
    79.800     21.716      8.128
    79.900     21.711      8.008
    80.000     21.706      7.890
    80.100     21.702      7.773
    80.200     21.697      7.657
    80.300     21.692      7.542
    80.400     21.687      7.430
    80.500     21.682      7.318
    80.600     21.678      7.208
    80.700     21.673      7.099
    80.800     21.668      6.992
    80.900     21.663      6.886
    81.000     21.658      6.782
    81.100     21.653      6.679
    81.200     21.648      6.578
    81.300     21.644      6.478
    81.400     21.639      6.380
    81.500     21.634      6.283
    81.600     21.629      6.187
    81.700     21.624      6.093
    81.800     21.619      6.000
    81.900     21.614      5.909
    82.000     21.610      5.820
    82.100     21.605      5.732
    82.200     21.600      5.645
    82.300     21.596      5.560
    82.400     21.591      5.476
    82.500     21.586      5.393
    82.600     21.581      5.313
    82.700     21.576      5.233
    82.800     21.571      5.155
    82.900     21.566      5.079
    83.000     21.562      5.004
    83.100     21.557      4.930
    83.200     21.552      4.858
    83.300     21.547      4.787
    83.400     21.542      4.717
    83.500     21.537      4.649
    83.600     21.533      4.582
    83.700     21.528      4.517
    83.800     21.524      4.453
    83.900     21.519      4.390
    84.000     21.514      4.329
    84.100     21.509      4.269
    84.200     21.504      4.210
    84.300     21.499      4.153
    84.400     21.495      4.097
    84.500     21.490      4.042
    84.600     21.485      3.989
    84.700     21.480      3.937
    84.800     21.475      3.887
    84.900     21.471      3.837
    85.000     21.466      3.789
    85.100     21.461      3.742
    85.200     21.457      3.697
    85.300     21.452      3.652
    85.400     21.447      3.609
    85.500     21.442      3.568
    85.600     21.438      3.527
    85.700     21.433      3.488
    85.800     21.428      3.450
    85.900     21.423      3.413
    86.000     21.418      3.378
    86.100     21.413      3.344
    86.200     21.409      3.311
    86.300     21.404      3.280
    86.400     21.399      3.250
    86.500     21.394      3.221
    86.600     21.390      3.194
    86.700     21.385      3.167
    86.800     21.381      3.142
    86.900     21.376      3.117
    87.000     21.371      3.094
    87.100     21.366      3.072
    87.200     21.362      3.051
    87.300     21.357      3.032
    87.400     21.352      3.013
    87.500     21.347      2.996
    87.600     21.343      2.980
    87.700     21.338      2.965
    87.800     21.333      2.952
    87.900     21.328      2.939
    88.000     21.324      2.928
    88.100     21.319      2.917
    88.200     21.314      2.908
    88.300     21.309      2.900
    88.400     21.305      2.893
    88.500     21.301      2.887
    88.600     21.296      2.883
    88.700     21.291      2.879
    88.800     21.286      2.877
    88.900     21.282      2.876
    89.000     21.277      2.875
    89.100     21.272      2.876
    89.200     21.268      2.878
    89.300     21.263      2.881
    89.400     21.258      2.885
    89.500     21.253      2.891
    89.600     21.249      2.897
    89.700     21.244      2.905
    89.800     21.240      2.914
    89.900     21.235      2.924
    90.000     21.230      2.935
    90.100     21.225      2.947
    90.200     21.221      2.959
    90.300     21.217      2.973
    90.400     21.212      2.988
    90.500     21.207      3.003
    90.600     21.203      3.020
    90.700     21.198      3.038
    90.800     21.193      3.057
    90.900     21.189      3.076
    91.000     21.184      3.097
    91.100     21.179      3.119
    91.200     21.175      3.142
    91.300     21.170      3.166
    91.400     21.165      3.191
    91.500     21.161      3.217
    91.600     21.156      3.244
    91.700     21.152      3.272
    91.800     21.147      3.301
    91.900     21.142      3.332
    92.000     21.138      3.363
    92.100     21.134      3.396
    92.200     21.129      3.430
    92.300     21.124      3.465
    92.400     21.120      3.502
    92.500     21.115      3.540
    92.600     21.111      3.580
    92.700     21.106      3.621
    92.800     21.101      3.664
    92.900     21.097      3.708
    93.000     21.092      3.754
    93.100     21.087      3.802
    93.200     21.083      3.851
    93.300     21.078      3.901
    93.400     21.074      3.953
    93.500     21.069      4.007
    93.600     21.065      4.061
    93.700     21.060      4.117
    93.800     21.056      4.175
    93.900     21.051      4.233
    94.000     21.046      4.293
    94.100     21.042      4.354
    94.200     21.038      4.415
    94.300     21.033      4.478
    94.400     21.029      4.542
    94.500     21.024      4.607
    94.600     21.020      4.673
    94.700     21.015      4.739
    94.800     21.011      4.807
    94.900     21.006      4.875
    95.000     21.001      4.944
    95.100     20.997      5.014
    95.200     20.992      5.085
    95.300     20.988      5.156
    95.400     20.984      5.229
    95.500     20.979      5.302
    95.600     20.975      5.376
    95.700     20.970      5.450
    95.800     20.965      5.526
    95.900     20.961      5.602
    96.000     20.957      5.679
    96.100     20.953      5.757
    96.200     20.948      5.835
    96.300     20.944      5.915
    96.400     20.939      5.995
    96.500     20.935      6.076
    96.600     20.930      6.158
    96.700     20.926      6.240
    96.800     20.921      6.324
    96.900     20.917      6.408
    97.000     20.912      6.493
    97.100     20.908      6.578
    97.200     20.903      6.665
    97.300     20.899      6.752
    97.400     20.895      6.839
    97.500     20.890      6.928
    97.600     20.886      7.017
    97.700     20.881      7.107
    97.800     20.877      7.198
    97.900     20.872      7.289
    98.000     20.868      7.381
    98.100     20.864      7.474
    98.200     20.860      7.567
    98.300     20.855      7.661
    98.400     20.851      7.755
    98.500     20.846      7.850
    98.600     20.842      7.946
    98.700     20.838      8.042
    98.800     20.833      8.139
    98.900     20.829      8.237
    99.000     20.824      8.334
    99.100     20.820      8.433
    99.200     20.816      8.532
    99.300     20.811      8.631
    99.400     20.807      8.731
    99.500     20.803      8.831
    99.600     20.798      8.932
    99.700     20.794      9.034
    99.800     20.790      9.135
    99.900     20.785      9.237
   100.000     20.781      9.340
   100.100     20.776      0.000
   100.200     20.772      0.000
   100.300     20.768      0.000
   100.400     20.764      0.000
   100.500     20.760      0.000
   100.600     20.755      0.000
   100.700     20.751      0.000
   100.800     20.747      0.000
   100.900     20.742      0.000
   101.000     20.738      0.000
   101.100     20.734      0.000
   101.200     20.729      0.000
   101.300     20.725      0.000
   101.400     20.721      0.000
   101.500     20.716      0.000
   101.600     20.712      0.000
   101.700     20.708      0.000
   101.800     20.704      0.000
   101.900     20.699      0.000
   102.000     20.695      0.000
   102.100     20.691      0.000
   102.200     20.687      0.000
   102.300     20.682      0.000
   102.400     20.678      0.000
   102.500     20.674      0.000
   102.600     20.669      0.000
   102.700     20.666      0.000
   102.800     20.661      0.000
   102.900     20.657      0.000
   103.000     20.653      0.000
   103.100     20.649      0.000
   103.200     20.644      0.000
   103.300     20.640      0.000
   103.400     20.636      0.000
   103.500     20.632      0.000
   103.600     20.628      0.000
   103.700     20.623      0.000
   103.800     20.619      0.000
   103.900     20.615      0.000
   104.000     20.611      0.000
   104.100     20.606      0.000
   104.200     20.602      0.000
   104.300     20.598      0.000
   104.400     20.594      0.000
   104.500     20.590      0.000
   104.600     20.586      0.000
   104.700     20.581      0.000
   104.800     20.577      0.000
   104.900     20.573      0.000
   105.000     20.569      0.000
   105.100     20.565      0.000
   105.200     20.561      0.000
   105.300     20.557      0.000
   105.400     20.553      0.000
   105.500     20.548      0.000
   105.600     20.544      0.000
   105.700     20.540      0.000
   105.800     20.536      0.000
   105.900     20.532      0.000
   106.000     20.528      0.000
   106.100     20.524      0.000
   106.200     20.519      0.000
   106.300     20.515      0.000
   106.400     20.511      0.000
   106.500     20.507      0.000
   106.600     20.503      0.000
   106.700     20.499      0.000
   106.800     20.495      0.000
   106.900     20.491      0.000
   107.000     20.487      0.000
   107.100     20.483      0.000
   107.200     20.478      0.000
   107.300     20.474      0.000
   107.400     20.470      0.000
   107.500     20.466      0.000
   107.600     20.462      0.000
   107.700     20.458      0.000
   107.800     20.454      0.000
   107.900     20.450      0.000
   108.000     20.446      0.000
   108.100     20.442      0.000
   108.200     20.438      0.000
   108.300     20.434      0.000
   108.400     20.430      0.000
   108.500     20.426      0.000
   108.600     20.422      0.000
   108.700     20.418      0.000
   108.800     20.414      0.000
   108.900     20.410      0.000
   109.000     20.406      0.000
   109.100     20.402      0.000
   109.200     20.398      0.000
   109.300     20.394      0.000
   109.400     20.390      0.000
   109.500     20.386      0.000
   109.600     20.382      0.000
   109.700     20.378      0.000
   109.800     20.374      0.000
   109.900     20.370      0.000
   110.000     20.366      0.000
   110.100     20.362      0.000
   110.200     20.358      0.000
   110.300     20.354      0.000
   110.400     20.350      0.000
   110.500     20.346      0.000
   110.600     20.342      0.000
   110.700     20.338      0.000
   110.800     20.334      0.000
   110.900     20.330      0.000
   111.000     20.326      0.000
   111.100     20.322      0.000
   111.200     20.318      0.000
   111.300     20.314      0.000
   111.400     20.310      0.000
   111.500     20.306      0.000
   111.600     20.302      0.000
   111.700     20.298      0.000
   111.800     20.295      0.000
   111.900     20.291      0.000
   112.000     20.287      0.000
   112.100     20.283      0.000
   112.200     20.279      0.000
   112.300     20.275      0.000
   112.400     20.271      0.000
   112.500     20.267      0.000
   112.600     20.263      0.000
   112.700     20.259      0.000
   112.800     20.255      0.000
   112.900     20.251      0.000
   113.000     20.248      0.000
   113.100     20.244      0.000
   113.200     20.240      0.000
   113.300     20.237      0.000
   113.400     20.233      0.000
   113.500     20.229      0.000
   113.600     20.225      0.000
   113.700     20.221      0.000
   113.800     20.217      0.000
   113.900     20.213      0.000
   114.000     20.209      0.000
   114.100     20.205      0.000
   114.200     20.202      0.000
   114.300     20.198      0.000
   114.400     20.194      0.000
   114.500     20.190      0.000
   114.600     20.186      0.000
   114.700     20.182      0.000
   114.800     20.178      0.000
   114.900     20.175      0.000
   115.000     20.171      0.000
   115.100     20.167      0.000
   115.200     20.163      0.000
   115.300     20.159      0.000
   115.400     20.156      0.000
   115.500     20.152      0.000
   115.600     20.148      0.000
   115.700     20.144      0.000
   115.800     20.140      0.000
   115.900     20.136      0.000
   116.000     20.133      0.000
   116.100     20.129      0.000
   116.200     20.125      0.000
   116.300     20.122      0.000
   116.400     20.118      0.000
   116.500     20.114      0.000
   116.600     20.110      0.000
   116.700     20.106      0.000
   116.800     20.103      0.000
   116.900     20.099      0.000
   117.000     20.095      0.000
   117.100     20.091      0.000
   117.200     20.088      0.000
   117.300     20.084      0.000
   117.400     20.080      0.000
   117.500     20.076      0.000
   117.600     20.073      0.000
   117.700     20.069      0.000
   117.800     20.065      0.000
   117.900     20.061      0.000
   118.000     20.058      0.000
   118.100     20.054      0.000
   118.200     20.050      0.000
   118.300     20.046      0.000
   118.400     20.043      0.000
   118.500     20.039      0.000
   118.600     20.035      0.000
   118.700     20.032      0.000
   118.800     20.028      0.000
   118.900     20.024      0.000
   119.000     20.020      0.000
   119.100     20.017      0.000
   119.200     20.013      0.000
   119.300     20.009      0.000
   119.400     20.006      0.000
   119.500     20.002      0.000
   119.600     19.999      0.000
   119.700     19.995      0.000
   119.800     19.991      0.000
   119.900     19.988      0.000
   120.000     19.984      0.000
   120.100     19.980      0.000
   120.200     19.976      0.000
   120.300     19.973      0.000
   120.400     19.969      0.000
   120.500     19.966      0.000
   120.600     19.962      0.000
   120.700     19.958      0.000
   120.800     19.954      0.000
   120.900     19.951      0.000
   121.000     19.947      0.000
   121.100     19.943      0.000
   121.200     19.940      0.000
   121.300     19.936      0.000
   121.400     19.933      0.000
   121.500     19.929      0.000
   121.600     19.925      0.000
   121.700     19.922      0.000
   121.800     19.918      0.000
   121.900     19.915      0.000
   122.000     19.911      0.000
   122.100     19.907      0.000
   122.200     19.904      0.000
   122.300     19.900      0.000
   122.400     19.896      0.000
   122.500     19.893      0.000
   122.600     19.889      0.000
   122.700     19.886      0.000
   122.800     19.883      0.000
   122.900     19.879      0.000
   123.000     19.875      0.000
   123.100     19.872      0.000
   123.200     19.868      0.000
   123.300     19.864      0.000
   123.400     19.861      0.000
   123.500     19.857      0.000
   123.600     19.854      0.000
   123.700     19.850      0.000
   123.800     19.847      0.000
   123.900     19.843      0.000
   124.000     19.839      0.000
   124.100     19.836      0.000
   124.200     19.832      0.000
   124.300     19.829      0.000
   124.400     19.825      0.000
   124.500     19.822      0.000
   124.600     19.818      0.000
   124.700     19.814      0.000
   124.800     19.811      0.000
   124.900     19.807      0.000
   125.000     19.804      0.000
   125.100     19.800      0.000
   125.200     19.797      0.000
   125.300     19.793      0.000
   125.400     19.790      0.000
   125.500     19.786      0.000
   125.600     19.783      0.000
   125.700     19.779      0.000
   125.800     19.776      0.000
   125.900     19.772      0.000
   126.000     19.769      0.000
   126.100     19.765      0.000
   126.200     19.762      0.000
   126.300     19.758      0.000
   126.400     19.755      0.000
   126.500     19.752      0.000
   126.600     19.748      0.000
   126.700     19.745      0.000
   126.800     19.741      0.000
   126.900     19.738      0.000
   127.000     19.734      0.000
   127.100     19.731      0.000
   127.200     19.727      0.000
   127.300     19.724      0.000
   127.400     19.720      0.000
   127.500     19.717      0.000
   127.600     19.713      0.000
   127.700     19.710      0.000
   127.800     19.706      0.000
   127.900     19.703      0.000
   128.000     19.699      0.000
   128.100     19.696      0.000
   128.200     19.692      0.000
   128.300     19.689      0.000
   128.400     19.685      0.000
   128.500     19.682      0.000
   128.600     19.679      0.000
   128.700     19.675      0.000
   128.800     19.672      0.000
   128.900     19.668      0.000
   129.000     19.665      0.000
   129.100     19.661      0.000
   129.200     19.658      0.000
   129.300     19.655      0.000
   129.400     19.651      0.000
   129.500     19.648      0.000
   129.600     19.644      0.000
   129.700     19.641      0.000
   129.800     19.637      0.000
   129.900     19.634      0.000
   130.000     19.631      0.000
   130.100     19.628      0.000
   130.200     19.624      0.000
   130.300     19.621      0.000
   130.400     19.617      0.000
   130.500     19.614      0.000
   130.600     19.611      0.000
   130.700     19.607      0.000
   130.800     19.604      0.000
   130.900     19.601      0.000
   131.000     19.597      0.000
   131.100     19.594      0.000
   131.200     19.590      0.000
   131.300     19.587      0.000
   131.400     19.584      0.000
   131.500     19.580      0.000
   131.600     19.577      0.000
   131.700     19.573      0.000
   131.800     19.570      0.000
   131.900     19.567      0.000
   132.000     19.563      0.000
   132.100     19.560      0.000
   132.200     19.557      0.000
   132.300     19.553      0.000
   132.400     19.550      0.000
   132.500     19.547      0.000
   132.600     19.543      0.000
   132.700     19.540      0.000
   132.800     19.537      0.000
   132.900     19.533      0.000
   133.000     19.530      0.000
   133.100     19.527      0.000
   133.200     19.523      0.000
   133.300     19.520      0.000
   133.400     19.517      0.000
   133.500     19.513      0.000
   133.600     19.510      0.000
   133.700     19.507      0.000
   133.800     19.503      0.000
   133.900     19.500      0.000
   134.000     19.497      0.000
   134.100     19.494      0.000
   134.200     19.491      0.000
   134.300     19.487      0.000
   134.400     19.484      0.000
   134.500     19.481      0.000
   134.600     19.477      0.000
   134.700     19.474      0.000
   134.800     19.471      0.000
   134.900     19.467      0.000
   135.000     19.464      0.000
   135.100     19.461      0.000
   135.200     19.458      0.000
   135.300     19.454      0.000
   135.400     19.451      0.000
   135.500     19.448      0.000
   135.600     19.444      0.000
   135.700     19.441      0.000
   135.800     19.438      0.000
   135.900     19.435      0.000
   136.000     19.431      0.000
   136.100     19.428      0.000
   136.200     19.425      0.000
   136.300     19.422      0.000
   136.400     19.418      0.000
   136.500     19.415      0.000
   136.600     19.412      0.000
   136.700     19.409      0.000
   136.800     19.405      0.000
   136.900     19.402      0.000
   137.000     19.399      0.000
   137.100     19.396      0.000
   137.200     19.392      0.000
   137.300     19.389      0.000
   137.400     19.386      0.000
   137.500     19.383      0.000
   137.600     19.379      0.000
   137.700     19.376      0.000
   137.800     19.373      0.000
   137.900     19.370      0.000
   138.000     19.366      0.000
   138.100     19.364      0.000
   138.200     19.360      0.000
   138.300     19.357      0.000
   138.400     19.354      0.000
   138.500     19.351      0.000
   138.600     19.348      0.000
   138.700     19.344      0.000
   138.800     19.341      0.000
   138.900     19.338      0.000
   139.000     19.335      0.000
   139.100     19.332      0.000
   139.200     19.328      0.000
   139.300     19.325      0.000
   139.400     19.322      0.000
   139.500     19.319      0.000
   139.600     19.316      0.000
   139.700     19.312      0.000
   139.800     19.309      0.000
   139.900     19.306      0.000
   140.000     19.303      0.000
   140.100     19.300      0.000
   140.200     19.296      0.000
   140.300     19.293      0.000
   140.400     19.290      0.000
   140.500     19.287      0.000
   140.600     19.284      0.000
   140.700     19.281      0.000
   140.800     19.278      0.000
   140.900     19.274      0.000
   141.000     19.271      0.000
   141.100     19.268      0.000
   141.200     19.265      0.000
   141.300     19.262      0.000
   141.400     19.259      0.000
   141.500     19.255      0.000
   141.600     19.252      0.000
   141.700     19.249      0.000
   141.800     19.246      0.000
   141.900     19.243      0.000
   142.000     19.240      0.000
   142.100     19.237      0.000
   142.200     19.233      0.000
   142.300     19.231      0.000
   142.400     19.228      0.000
   142.500     19.225      0.000
   142.600     19.221      0.000
   142.700     19.218      0.000
   142.800     19.215      0.000
   142.900     19.212      0.000
   143.000     19.209      0.000
   143.100     19.206      0.000
   143.200     19.203      0.000
   143.300     19.200      0.000
   143.400     19.196      0.000
   143.500     19.193      0.000
   143.600     19.190      0.000
   143.700     19.187      0.000
   143.800     19.184      0.000
   143.900     19.181      0.000
   144.000     19.178      0.000
   144.100     19.175      0.000
   144.200     19.172      0.000
   144.300     19.168      0.000
   144.400     19.165      0.000
   144.500     19.162      0.000
   144.600     19.159      0.000
   144.700     19.156      0.000
   144.800     19.153      0.000
   144.900     19.150      0.000
   145.000     19.147      0.000
   145.100     19.144      0.000
   145.200     19.141      0.000
   145.300     19.138      0.000
   145.400     19.135      0.000
   145.500     19.132      0.000
   145.600     19.129      0.000
   145.700     19.126      0.000
   145.800     19.122      0.000
   145.900     19.119      0.000
   146.000     19.116      0.000
   146.100     19.113      0.000
   146.200     19.110      0.000
   146.300     19.107      0.000
   146.400     19.104      0.000
   146.500     19.101      0.000
   146.600     19.098      0.000
   146.700     19.095      0.000
   146.800     19.092      0.000
   146.900     19.089      0.000
   147.000     19.086      0.000
   147.100     19.083      0.000
   147.200     19.080      0.000
   147.300     19.077      0.000
   147.400     19.074      0.000
   147.500     19.071      0.000
   147.600     19.068      0.000
   147.700     19.065      0.000
   147.800     19.062      0.000
   147.900     19.059      0.000
   148.000     19.056      0.000
   148.100     19.053      0.000
   148.200     19.050      0.000
   148.300     19.047      0.000
   148.400     19.044      0.000
   148.500     19.041      0.000
   148.600     19.038      0.000
   148.700     19.035      0.000
   148.800     19.032      0.000
   148.900     19.029      0.000
   149.000     19.026      0.000
   149.100     19.023      0.000
   149.200     19.020      0.000
   149.300     19.017      0.000
   149.400     19.014      0.000
   149.500     19.011      0.000
   149.600     19.008      0.000
   149.700     19.005      0.000
   149.800     19.002      0.000
   149.900     18.999      0.000
   150.000     18.996      0.000
   150.100     18.993      0.000
   150.200     18.990      0.000
   150.300     18.987      0.000
   150.400     18.984      0.000
   150.500     18.981      0.000
   150.600     18.978      0.000
   150.700     18.975      0.000
   150.800     18.972      0.000
   150.900     18.969      0.000
   151.000     18.966      0.000
   151.100     18.963      0.000
   151.200     18.960      0.000
   151.300     18.957      0.000
   151.400     18.954      0.000
   151.500     18.951      0.000
   151.600     18.949      0.000
   151.700     18.946      0.000
   151.800     18.943      0.000
   151.900     18.940      0.000
   152.000     18.937      0.000
   152.100     18.934      0.000
   152.200     18.931      0.000
   152.300     18.928      0.000
   152.400     18.925      0.000
   152.500     18.922      0.000
   152.600     18.919      0.000
   152.700     18.917      0.000
   152.800     18.914      0.000
   152.900     18.911      0.000
   153.000     18.908      0.000
   153.100     18.905      0.000
   153.200     18.902      0.000
   153.300     18.899      0.000
   153.400     18.896      0.000
   153.500     18.893      0.000
   153.600     18.890      0.000
   153.700     18.887      0.000
   153.800     18.884      0.000
   153.900     18.881      0.000
   154.000     18.879      0.000
   154.100     18.876      0.000
   154.200     18.873      0.000
   154.300     18.870      0.000
   154.400     18.867      0.000
   154.500     18.864      0.000
   154.600     18.861      0.000
   154.700     18.858      0.000
   154.800     18.855      0.000
   154.900     18.853      0.000
   155.000     18.850      0.000
   155.100     18.847      0.000
   155.200     18.844      0.000
   155.300     18.841      0.000
   155.400     18.838      0.000
   155.500     18.835      0.000
   155.600     18.832      0.000
   155.700     18.829      0.000
   155.800     18.827      0.000
   155.900     18.824      0.000
   156.000     18.821      0.000
   156.100     18.818      0.000
   156.200     18.815      0.000
   156.300     18.812      0.000
   156.400     18.809      0.000
   156.500     18.807      0.000
   156.600     18.804      0.000
   156.700     18.801      0.000
   156.800     18.798      0.000
   156.900     18.795      0.000
   157.000     18.793      0.000
   157.100     18.790      0.000
   157.200     18.787      0.000
   157.300     18.784      0.000
   157.400     18.781      0.000
   157.500     18.778      0.000
   157.600     18.775      0.000
   157.700     18.773      0.000
   157.800     18.770      0.000
   157.900     18.767      0.000
   158.000     18.764      0.000
   158.100     18.761      0.000
   158.200     18.758      0.000
   158.300     18.755      0.000
   158.400     18.753      0.000
   158.500     18.750      0.000
   158.600     18.747      0.000
   158.700     18.744      0.000
   158.800     18.741      0.000
   158.900     18.738      0.000
   159.000     18.736      0.000
   159.100     18.733      0.000
   159.200     18.730      0.000
   159.300     18.727      0.000
   159.400     18.724      0.000
   159.500     18.722      0.000
   159.600     18.719      0.000
   159.700     18.716      0.000
   159.800     18.713      0.000
   159.900     18.710      0.000
   160.000     18.708      0.000
   160.100     18.705      0.000
   160.200     18.702      0.000
   160.300     18.699      0.000
   160.400     18.696      0.000
   160.500     18.694      0.000
   160.600     18.691      0.000
   160.700     18.688      0.000
   160.800     18.685      0.000
   160.900     18.682      0.000
   161.000     18.680      0.000
   161.100     18.677      0.000
   161.200     18.674      0.000
   161.300     18.671      0.000
   161.400     18.668      0.000
   161.500     18.666      0.000
   161.600     18.663      0.000
   161.700     18.661      0.000
   161.800     18.658      0.000
   161.900     18.655      0.000
   162.000     18.652      0.000
   162.100     18.649      0.000
   162.200     18.647      0.000
   162.300     18.644      0.000
   162.400     18.641      0.000
   162.500     18.638      0.000
   162.600     18.636      0.000
   162.700     18.633      0.000
   162.800     18.630      0.000
   162.900     18.627      0.000
   163.000     18.624      0.000
   163.100     18.622      0.000
   163.200     18.619      0.000
   163.300     18.616      0.000
   163.400     18.613      0.000
   163.500     18.611      0.000
   163.600     18.608      0.000
   163.700     18.605      0.000
   163.800     18.602      0.000
   163.900     18.600      0.000
   164.000     18.597      0.000
   164.100     18.594      0.000
   164.200     18.591      0.000
   164.300     18.589      0.000
   164.400     18.586      0.000
   164.500     18.583      0.000
   164.600     18.581      0.000
   164.700     18.578      0.000
   164.800     18.575      0.000
   164.900     18.572      0.000
   165.000     18.570      0.000
   165.100     18.567      0.000
   165.200     18.564      0.000
   165.300     18.562      0.000
   165.400     18.559      0.000
   165.500     18.556      0.000
   165.600     18.553      0.000
   165.700     18.551      0.000
   165.800     18.548      0.000
   165.900     18.545      0.000
   166.000     18.542      0.000
   166.100     18.540      0.000
   166.200     18.537      0.000
   166.300     18.534      0.000
   166.400     18.532      0.000
   166.500     18.529      0.000
   166.600     18.526      0.000
   166.700     18.524      0.000
   166.800     18.521      0.000
   166.900     18.518      0.000
   167.000     18.516      0.000
   167.100     18.513      0.000
   167.200     18.510      0.000
   167.300     18.508      0.000
   167.400     18.505      0.000
   167.500     18.502      0.000
   167.600     18.500      0.000
   167.700     18.497      0.000
   167.800     18.494      0.000
   167.900     18.492      0.000
   168.000     18.489      0.000
   168.100     18.486      0.000
   168.200     18.484      0.000
   168.300     18.481      0.000
   168.400     18.478      0.000
   168.500     18.476      0.000
   168.600     18.473      0.000
   168.700     18.470      0.000
   168.800     18.468      0.000
   168.900     18.465      0.000
   169.000     18.462      0.000
   169.100     18.460      0.000
   169.200     18.457      0.000
   169.300     18.454      0.000
   169.400     18.452      0.000
   169.500     18.449      0.000
   169.600     18.446      0.000
   169.700     18.444      0.000
   169.800     18.441      0.000
   169.900     18.438      0.000
   170.000     18.436      0.000
   170.100     18.433      0.000
   170.200     18.430      0.000
   170.300     18.428      0.000
   170.400     18.425      0.000
   170.500     18.422      0.000
   170.600     18.420      0.000
   170.700     18.417      0.000
   170.800     18.415      0.000
   170.900     18.412      0.000
   171.000     18.409      0.000
   171.100     18.407      0.000
   171.200     18.404      0.000
   171.300     18.401      0.000
   171.400     18.399      0.000
   171.500     18.396      0.000
   171.600     18.393      0.000
   171.700     18.391      0.000
   171.800     18.388      0.000
   171.900     18.386      0.000
   172.000     18.383      0.000
   172.100     18.380      0.000
   172.200     18.378      0.000
   172.300     18.375      0.000
   172.400     18.373      0.000
   172.500     18.370      0.000
   172.600     18.368      0.000
   172.700     18.365      0.000
   172.800     18.362      0.000
   172.900     18.360      0.000
   173.000     18.357      0.000
   173.100     18.355      0.000
   173.200     18.352      0.000
   173.300     18.349      0.000
   173.400     18.347      0.000
   173.500     18.344      0.000
   173.600     18.342      0.000
   173.700     18.339      0.000
   173.800     18.336      0.000
   173.900     18.334      0.000
   174.000     18.331      0.000
   174.100     18.329      0.000
   174.200     18.326      0.000
   174.300     18.324      0.000
   174.400     18.321      0.000
   174.500     18.318      0.000
   174.600     18.316      0.000
   174.700     18.313      0.000
   174.800     18.311      0.000
   174.900     18.308      0.000
   175.000     18.305      0.000
   175.100     18.303      0.000
   175.200     18.300      0.000
   175.300     18.298      0.000
   175.400     18.295      0.000
   175.500     18.293      0.000
   175.600     18.290      0.000
   175.700     18.287      0.000
   175.800     18.285      0.000
   175.900     18.282      0.000
   176.000     18.280      0.000
   176.100     18.277      0.000
   176.200     18.275      0.000
   176.300     18.272      0.000
   176.400     18.270      0.000
   176.500     18.267      0.000
   176.600     18.264      0.000
   176.700     18.262      0.000
   176.800     18.259      0.000
   176.900     18.257      0.000
   177.000     18.254      0.000
   177.100     18.252      0.000
   177.200     18.249      0.000
   177.300     18.247      0.000
   177.400     18.244      0.000
   177.500     18.242      0.000
   177.600     18.239      0.000
   177.700     18.236      0.000
   177.800     18.234      0.000
   177.900     18.231      0.000
   178.000     18.229      0.000
   178.100     18.226      0.000
   178.200     18.224      0.000
   178.300     18.221      0.000
   178.400     18.219      0.000
   178.500     18.217      0.000
   178.600     18.214      0.000
   178.700     18.212      0.000
   178.800     18.209      0.000
   178.900     18.206      0.000
   179.000     18.204      0.000
   179.100     18.201      0.000
   179.200     18.199      0.000
   179.300     18.196      0.000
   179.400     18.194      0.000
   179.500     18.191      0.000
   179.600     18.189      0.000
   179.700     18.186      0.000
   179.800     18.184      0.000
   179.900     18.181      0.000
   180.000     18.179      0.000
   180.100     18.176      0.000
   180.200     18.174      0.000
   180.300     18.171      0.000
   180.400     18.169      0.000
   180.500     18.166      0.000
   180.600     18.164      0.000
   180.700     18.161      0.000
   180.800     18.159      0.000
   180.900     18.156      0.000
   181.000     18.154      0.000
   181.100     18.151      0.000
   181.200     18.149      0.000
   181.300     18.146      0.000
   181.400     18.144      0.000
   181.500     18.141      0.000
   181.600     18.139      0.000
   181.700     18.136      0.000
   181.800     18.134      0.000
   181.900     18.131      0.000
   182.000     18.129      0.000
   182.100     18.126      0.000
   182.200     18.124      0.000
   182.300     18.122      0.000
   182.400     18.119      0.000
   182.500     18.117      0.000
   182.600     18.114      0.000
   182.700     18.112      0.000
   182.800     18.109      0.000
   182.900     18.107      0.000
   183.000     18.104      0.000
   183.100     18.102      0.000
   183.200     18.099      0.000
   183.300     18.097      0.000
   183.400     18.094      0.000
   183.500     18.092      0.000
   183.600     18.090      0.000
   183.700     18.087      0.000
   183.800     18.085      0.000
   183.900     18.082      0.000
   184.000     18.080      0.000
   184.100     18.077      0.000
   184.200     18.075      0.000
   184.300     18.072      0.000
   184.400     18.070      0.000
   184.500     18.068      0.000
   184.600     18.066      0.000
   184.700     18.063      0.000
   184.800     18.061      0.000
   184.900     18.058      0.000
   185.000     18.056      0.000
   185.100     18.053      0.000
   185.200     18.051      0.000
   185.300     18.048      0.000
   185.400     18.046      0.000
   185.500     18.044      0.000
   185.600     18.041      0.000
   185.700     18.039      0.000
   185.800     18.036      0.000
   185.900     18.034      0.000
   186.000     18.031      0.000
   186.100     18.029      0.000
   186.200     18.027      0.000
   186.300     18.024      0.000
   186.400     18.022      0.000
   186.500     18.019      0.000
   186.600     18.017      0.000
   186.700     18.014      0.000
   186.800     18.012      0.000
   186.900     18.010      0.000
   187.000     18.007      0.000
   187.100     18.005      0.000
   187.200     18.002      0.000
   187.300     18.000      0.000
   187.400     17.998      0.000
   187.500     17.995      0.000
   187.600     17.993      0.000
   187.700     17.990      0.000
   187.800     17.988      0.000
   187.900     17.986      0.000
   188.000     17.983      0.000
   188.100     17.981      0.000
   188.200     17.978      0.000
   188.300     17.976      0.000
   188.400     17.974      0.000
   188.500     17.971      0.000
   188.600     17.969      0.000
   188.700     17.966      0.000
   188.800     17.964      0.000
   188.900     17.962      0.000
   189.000     17.959      0.000
   189.100     17.957      0.000
   189.200     17.955      0.000
   189.300     17.952      0.000
   189.400     17.950      0.000
   189.500     17.947      0.000
   189.600     17.945      0.000
   189.700     17.943      0.000
   189.800     17.940      0.000
   189.900     17.938      0.000
   190.000     17.936      0.000
   190.100     17.933      0.000
   190.200     17.931      0.000
   190.300     17.928      0.000
   190.400     17.926      0.000
   190.500     17.924      0.000
   190.600     17.921      0.000
   190.700     17.919      0.000
   190.800     17.917      0.000
   190.900     17.914      0.000
   191.000     17.912      0.000
   191.100     17.910      0.000
   191.200     17.908      0.000
   191.300     17.905      0.000
   191.400     17.903      0.000
   191.500     17.901      0.000
   191.600     17.898      0.000
   191.700     17.896      0.000
   191.800     17.893      0.000
   191.900     17.891      0.000
   192.000     17.889      0.000
   192.100     17.886      0.000
   192.200     17.884      0.000
   192.300     17.882      0.000
   192.400     17.879      0.000
   192.500     17.877      0.000
   192.600     17.875      0.000
   192.700     17.872      0.000
   192.800     17.870      0.000
   192.900     17.868      0.000
   193.000     17.865      0.000
   193.100     17.863      0.000
   193.200     17.861      0.000
   193.300     17.858      0.000
   193.400     17.856      0.000
   193.500     17.854      0.000
   193.600     17.851      0.000
   193.700     17.849      0.000
   193.800     17.847      0.000
   193.900     17.844      0.000
   194.000     17.842      0.000
   194.100     17.840      0.000
   194.200     17.837      0.000
   194.300     17.835      0.000
   194.400     17.833      0.000
   194.500     17.831      0.000
   194.600     17.828      0.000
   194.700     17.826      0.000
   194.800     17.824      0.000
   194.900     17.821      0.000
   195.000     17.819      0.000
   195.100     17.817      0.000
   195.200     17.814      0.000
   195.300     17.812      0.000
   195.400     17.810      0.000
   195.500     17.808      0.000
   195.600     17.805      0.000
   195.700     17.803      0.000
   195.800     17.801      0.000
   195.900     17.798      0.000
   196.000     17.796      0.000
   196.100     17.794      0.000
   196.200     17.792      0.000
   196.300     17.789      0.000
   196.400     17.787      0.000
   196.500     17.785      0.000
   196.600     17.782      0.000
   196.700     17.780      0.000
   196.800     17.778      0.000
   196.900     17.776      0.000
   197.000     17.773      0.000
   197.100     17.771      0.000
   197.200     17.769      0.000
   197.300     17.766      0.000
   197.400     17.764      0.000
   197.500     17.762      0.000
   197.600     17.760      0.000
   197.700     17.758      0.000
   197.800     17.755      0.000
   197.900     17.753      0.000
   198.000     17.751      0.000
   198.100     17.749      0.000
   198.200     17.746      0.000
   198.300     17.744      0.000
   198.400     17.742      0.000
   198.500     17.739      0.000
   198.600     17.737      0.000
   198.700     17.735      0.000
   198.800     17.733      0.000
   198.900     17.730      0.000
   199.000     17.728      0.000
   199.100     17.726      0.000
   199.200     17.724      0.000
   199.300     17.721      0.000
   199.400     17.719      0.000
   199.500     17.717      0.000
   199.600     17.715      0.000
   199.700     17.712      0.000
   199.800     17.710      0.000
   199.900     17.708      0.000
   200.000     17.706      0.000
