     0.100      0.002      0.007
     0.200      0.003      0.016
     0.300      0.004      0.036
     0.400      0.005      0.074
     0.500      0.007      0.149
     0.600      0.010      0.287
     0.700      0.013      0.532
     0.800      0.017      1.000
     0.900      0.022      1.683
     1.000      0.029      2.723
     1.100      0.038      4.249
     1.200      0.049      6.403
     1.300      0.063      9.339
     1.400      0.081     13.207
     1.500      0.103     18.139
     1.600      0.130     24.232
     1.700      0.164     31.534
     1.800      0.205     40.024
     1.900      0.254     49.613
     2.000      0.314     60.126
     2.100      0.387     71.320
     2.200      0.474     82.888
     2.300      0.577     94.474
     2.400      0.700    105.696
     2.500      0.844    116.174
     2.600      1.014    125.557
     2.700      1.212    133.525
     2.800      1.442    139.839
     2.900      1.708    144.322
     3.000      2.015    146.882
     3.100      2.366    147.513
     3.200      2.766    146.283
     3.300      3.221    143.322
     3.400      3.735    138.817
     3.500      4.314    132.990
     3.600      4.962    126.089
     3.700      5.687    118.366
     3.800      6.492    110.076
     3.900      7.384    101.459
     4.000      8.367     92.717
     4.100      9.447     84.056
     4.200     10.630     75.617
     4.300     11.919     67.541
     4.400     13.320     59.908
     4.500     14.836     52.800
     4.600     16.471     46.254
     4.700     18.228     40.282
     4.800     20.110     34.900
     4.900     22.118     30.093
     5.000     24.254     25.839
     5.100     26.519     22.109
     5.200     28.911     18.871
     5.300     31.430     16.089
     5.400     34.074     13.733
     5.500     36.840     11.771
     5.600     39.724     10.171
     5.700     42.722      8.915
     5.800     45.828      7.977
     5.900     49.035      7.354
     6.000     52.337      7.024
     6.100     55.724      6.990
     6.200     59.189      7.253
     6.300     62.720      7.811
     6.400     66.308      8.670
     6.500     69.942      9.845
     6.600     73.610     11.332
     6.700     77.299     13.143
     6.800     80.998     15.278
     6.900     84.693     17.751
     7.000     88.372     20.541
     7.100     92.021     23.646
     7.200     95.627     27.057
     7.300     99.178     30.743
     7.400    102.660     34.678
     7.500    106.062     38.829
     7.600    109.371     43.158
     7.700    112.577     47.610
     7.800    115.667     52.135
     7.900    118.634     56.683
     8.000    121.465     61.187
     8.100    124.154     65.590
     8.200    126.693     69.836
     8.300    129.075     73.862
     8.400    131.294     77.615
     8.500    133.346     81.045
     8.600    135.227     84.108
     8.700    136.934     86.764
     8.800    138.464     88.982
     8.900    139.819     90.740
     9.000    140.997     92.021
     9.100    141.999     92.820
     9.200    142.828     93.136
     9.300    143.484     92.980
     9.400    143.974     92.365
     9.500    144.300     91.314
     9.600    144.467     89.856
     9.700    144.480     88.020
     9.800    144.346     85.844
     9.900    144.069     83.367
    10.000    143.658     80.628
    10.100    143.119     77.669
    10.200    142.458     74.530
    10.300    141.684     71.251
    10.400    140.803     67.874
    10.500    139.821     64.434
    10.600    138.750     60.965
    10.700    137.595     57.503
    10.800    136.362     54.074
    10.900    135.060     50.706
    11.000    133.695     47.424
    11.100    132.275     44.249
    11.200    130.805     41.197
    11.300    129.294     38.290
    11.400    127.745     35.536
    11.500    126.168     32.950
    11.600    124.564     30.542
    11.700    122.941     28.324
    11.800    121.303     26.296
    11.900    119.656     24.466
    12.000    118.003     22.844
    12.100    116.350     21.424
    12.200    114.697     20.214
    12.300    113.051     19.217
    12.400    111.416     18.428
    12.500    109.791     17.847
    12.600    108.182     17.474
    12.700    106.590     17.313
    12.800    105.018     17.349
    12.900    103.466     17.583
    13.000    101.939     18.016
    13.100    100.436     18.633
    13.200     98.959     19.429
    13.300     97.511     20.398
    13.400     96.089     21.537
    13.500     94.698     22.824
    13.600     93.337     24.254
    13.700     92.004     25.820
    13.800     90.703     27.500
    13.900     89.434     29.285
    14.000     88.196     31.165
    14.100     86.987     33.115
    14.200     85.812     35.125
    14.300     84.667     37.178
    14.400     83.554     39.262
    14.500     82.471     41.352
    14.600     81.419     43.435
    14.700     80.395     45.497
    14.800     79.403     47.518
    14.900     78.440     49.482
    15.000     77.506     51.379
    15.100     76.600     53.189
    15.200     75.722     54.900
    15.300     74.872     56.500
    15.400     74.048     57.982
    15.500     73.250     59.329
    15.600     72.478     60.537
    15.700     71.732     61.600
    15.800     71.009     62.509
    15.900     70.310     63.261
    16.000     69.634     63.854
    16.100     68.983     64.288
    16.200     68.352     64.561
    16.300     67.742     64.675
    16.400     67.152     64.634
    16.500     66.583     64.440
    16.600     66.034     64.099
    16.700     65.503     63.617
    16.800     64.994     63.000
    16.900     64.499     62.256
    17.000     64.022     61.391
    17.100     63.562     60.414
    17.200     63.121     59.335
    17.300     62.693     58.160
    17.400     62.279     56.898
    17.500     61.881     55.560
    17.600     61.499     54.153
    17.700     61.129     52.687
    17.800     60.772     51.171
    17.900     60.431     49.617
    18.000     60.098     48.030
    18.100     59.779     46.421
    18.200     59.474     44.803
    18.300     59.176     43.181
    18.400     58.890     41.566
    18.500     58.618     39.969
    18.600     58.352     38.396
    18.700     58.099     36.855
    18.800     57.852     35.356
    18.900     57.618     33.909
    19.000     57.388     32.516
    19.100     57.168     31.185
    19.200     56.959     29.925
    19.300     56.754     28.737
    19.400     56.560     27.626
    19.500     56.371     26.596
    19.600     56.191     25.655
    19.700     56.015     24.798
    19.800     55.849     24.029
    19.900     55.685     23.354
    20.000     55.531     22.766
    20.100     55.384     22.268
    20.200     55.237     21.864
    20.300     55.100     21.545
    20.400     54.965     21.313
    20.500     54.837     21.166
    20.600     54.711     21.107
    20.700     54.593     21.124
    20.800     54.480     21.218
    20.900     54.368     21.391
    21.000     54.263     21.631
    21.100     54.158     21.937
    21.200     54.060     22.311
    21.300     53.967     22.740
    21.400     53.873     23.224
    21.500     53.786     23.759
    21.600     53.703     24.344
    21.700     53.618     24.967
    21.800     53.541     25.627
    21.900     53.466     26.324
    22.000     53.394     27.045
    22.100     53.321     27.789
    22.200     53.253     28.555
    22.300     53.189     29.333
    22.400     53.123     30.120
    22.500     53.063     30.913
    22.600     53.004     31.709
    22.700     52.948     32.500
    22.800     52.891     33.284
    22.900     52.839     34.059
    23.000     52.787     34.817
    23.100     52.738     35.556
    23.200     52.691     36.273
    23.300     52.642     36.969
    23.400     52.597     37.634
    23.500     52.554     38.268
    23.600     52.512     38.872
    23.700     52.472     39.439
    23.800     52.428     39.968
    23.900     52.391     40.460
    24.000     52.352     40.909
    24.100     52.316     41.317
    24.200     52.281     41.683
    24.300     52.247     42.006
    24.400     52.209     42.283
    24.500     52.177     42.516
    24.600     52.145     42.706
    24.700     52.113     42.850
    24.800     52.082     42.949
    24.900     52.053     43.003
    25.000     52.023     43.013
    25.100     51.994     42.978
    25.200     51.962     42.901
    25.300     51.933     42.780
    25.400     51.906     42.616
    25.500     51.879     42.411
    25.600     51.852     42.167
    25.700     51.825     41.881
    25.800     51.798     41.555
    25.900     51.772     41.194
    26.000     51.747     40.795
    26.100     51.721     40.362
    26.200     51.696     39.896
    26.300     51.670     39.399
    26.400     51.645     38.872
    26.500     51.620     38.318
    26.600     51.595     37.742
    26.700     51.570     37.142
    26.800     51.545     36.523
    26.900     51.520     35.890
    27.000     51.495     35.241
    27.100     51.470     34.581
    27.200     51.445     33.915
    27.300     51.420     33.243
    27.400     51.394     32.567
    27.500     51.369     31.892
    27.600     51.343     31.221
    27.700     51.318     30.554
    27.800     51.292     29.894
    27.900     51.266     29.246
    28.000     51.240     28.608
    28.100     51.213     27.983
    28.200     51.187     27.376
    28.300     51.160     26.783
    28.400     51.133     26.209
    28.500     51.105     25.654
    28.600     51.077     25.123
    28.700     51.049     24.611
    28.800     51.021     24.121
    28.900     50.993     23.657
    29.000     50.965     23.214
    29.100     50.936     22.795
    29.200     50.906     22.403
    29.300     50.877     22.033
    29.400     50.851     21.687
    29.500     50.820     21.366
    29.600     50.789     21.072
    29.700     50.758     20.800
    29.800     50.726     20.551
    29.900     50.694     20.329
    30.000     50.662     20.127
    30.100     50.631     19.948
    30.200     50.597     19.791
    30.300     50.563     19.659
    30.400     50.534     19.544
    30.500     50.499     19.450
    30.600     50.465     19.379
    30.700     50.429     19.324
    30.800     50.394     19.286
    30.900     50.358     19.269
    31.000     50.322     19.267
    31.100     50.285     19.279
    31.200     50.252     19.307
    31.300     50.214     19.353
    31.400     50.176     19.408
    31.500     50.137     19.477
    31.600     50.099     19.560
    31.700     50.060     19.652
    31.800     50.020     19.753
    31.900     49.984     19.867
    32.000     49.943     19.987
    32.100     49.901     20.114
    32.200     49.860     20.249
    32.300     49.818     20.393
    32.400     49.775     20.539
    32.500     49.736     20.690
    32.600     49.693     20.848
    32.700     49.649     21.007
    32.800     49.605     21.168
    32.900     49.560     21.334
    33.000     49.515     21.499
    33.100     49.473     21.664
    33.200     49.427     21.830
    33.300     49.380     21.997
    33.400     49.334     22.161
    33.500     49.286     22.324
    33.600     49.242     22.486
    33.700     49.194     22.645
    33.800     49.144     22.800
    33.900     49.096     22.952
    34.000     49.046     23.102
    34.100     48.999     23.246
    34.200     48.949     23.385
    34.300     48.897     23.522
    34.400     48.847     23.651
    34.500     48.795     23.776
    34.600     48.746     23.896
    34.700     48.693     24.010
    34.800     48.640     24.117
    34.900     48.587     24.218
    35.000     48.537     24.314
    35.100     48.482     24.403
    35.200     48.427     24.485
    35.300     48.373     24.561
    35.400     48.317     24.629
    35.500     48.265     24.690
    35.600     48.208     24.744
    35.700     48.152     24.790
    35.800     48.094     24.828
    35.900     48.041     24.858
    36.000     47.983     24.879
    36.100     47.924     24.893
    36.200     47.866     24.898
    36.300     47.811     24.894
    36.400     47.752     24.881
    36.500     47.692     24.860
    36.600     47.632     24.829
    36.700     47.575     24.789
    36.800     47.515     24.740
    36.900     47.453     24.684
    37.000     47.392     24.617
    37.100     47.334     24.541
    37.200     47.272     24.458
    37.300     47.209     24.366
    37.400     47.147     24.264
    37.500     47.088     24.157
    37.600     47.025     24.040
    37.700     46.961     23.916
    37.800     46.897     23.785
    37.900     46.837     23.649
    38.000     46.772     23.505
    38.100     46.708     23.355
    38.200     46.643     23.201
    38.300     46.581     23.040
    38.400     46.515     22.875
    38.500     46.451     22.705
    38.600     46.384     22.534
    38.700     46.322     22.357
    38.800     46.255     22.177
    38.900     46.189     21.996
    39.000     46.126     21.811
    39.100     46.059     21.625
    39.200     45.991     21.438
    39.300     45.924     21.249
    39.400     45.860     21.058
    39.500     45.791     20.867
    39.600     45.725     20.678
    39.700     45.656     20.487
    39.800     45.591     20.296
    39.900     45.522     20.107
    40.000     45.454     19.918
    40.100     45.389     19.730
    40.200     45.319     19.544
    40.300     45.250     19.358
    40.400     45.181     19.174
    40.500     45.115     18.992
    40.600     45.045     18.813
    40.700     44.976     18.635
    40.800     44.910     18.459
    40.900     44.840     18.287
    41.000     44.770     18.116
    41.100     44.700     17.948
    41.200     44.634     17.784
    41.300     44.563     17.621
    41.400     44.494     17.460
    41.500     44.427     17.303
    41.600     44.356     17.150
    41.700     44.285     16.999
    41.800     44.215     16.850
    41.900     44.148     16.707
    42.000     44.077     16.565
    42.100     44.008     16.425
    42.200     43.941     16.291
    42.300     43.870     16.158
    42.400     43.799     16.029
    42.500     43.728     15.902
    42.600     43.661     15.780
    42.700     43.590     15.660
    42.800     43.521     15.543
    42.900     43.453     15.430
    43.000     43.383     15.319
    43.100     43.312     15.211
    43.200     43.242     15.108
    43.300     43.175     15.006
    43.400     43.104     14.907
    43.500     43.034     14.810
    43.600     42.968     14.719
    43.700     42.897     14.628
    43.800     42.827     14.540
    43.900     42.757     14.457
    44.000     42.691     14.375
    44.100     42.621     14.295
    44.200     42.551     14.220
    44.300     42.485     14.146
    44.400     42.415     14.074
    44.500     42.347     14.004
    44.600     42.277     13.939
    44.700     42.211     13.874
    44.800     42.142     13.811
    44.900     42.073     13.753
    45.000     42.008     13.695
    45.100     41.939     13.639
    45.200     41.872     13.587
    45.300     41.807     13.535
    45.400     41.738     13.485
    45.500     41.670     13.437
    45.600     41.602     13.393
    45.700     41.538     13.348
    45.800     41.470     13.306
    45.900     41.404     13.267
    46.000     41.340     13.228
    46.100     41.273     13.190
    46.200     41.206     13.155
    46.300     41.139     13.121
    46.400     41.076     13.088
    46.500     41.010     13.056
    46.600     40.945     13.028
    46.700     40.882     12.999
    46.800     40.816     12.971
    46.900     40.752     12.946
    47.000     40.686     12.921
    47.100     40.625     12.896
    47.200     40.560     12.875
    47.300     40.496     12.853
    47.400     40.435     12.832
    47.500     40.371     12.811
    47.600     40.308     12.794
    47.700     40.244     12.776
    47.800     40.185     12.758
    47.900     40.121     12.743
    48.000     40.059     12.727
    48.100     40.000     12.712
    48.200     39.938     12.699
    48.300     39.877     12.685
    48.400     39.815     12.673
    48.500     39.757     12.660
    48.600     39.695     12.650
    48.700     39.635     12.639
    48.800     39.578     12.628
    48.900     39.517     12.619
    49.000     39.458     12.610
    49.100     39.398     12.600
    49.200     39.342     12.593
    49.300     39.282     12.585
    49.400     39.224     12.577
    49.500     39.169     12.570
    49.600     39.111     12.564
    49.700     39.053     12.557
    49.800     38.995     12.551
    49.900     38.941     12.546
    50.000     38.884     12.540
    50.100     38.828     12.535
    50.200     38.775     12.531
    50.300     38.718     12.526
    50.400     38.662     12.521
    50.500     38.607     12.517
    50.600     38.555     12.514
    50.700     38.500     12.510
    50.800     38.446     12.506
    50.900     38.395     12.503
    51.000     38.341     12.500
    51.100     38.287     12.497
    51.200     38.234     12.495
    51.300     38.184     12.492
    51.400     38.131     12.489
    51.500     38.079     12.486
    51.600     38.027     12.485
    51.700     37.978     12.483
    51.800     37.927     12.480
    51.900     37.876     12.479
    52.000     37.828     12.477
    52.100     37.778     12.475
    52.200     37.727     12.474
    52.300     37.678     12.472
    52.400     37.631     12.470
    52.500     37.582     12.468
    52.600     37.533     12.468
    52.700     37.485     12.466
    52.800     37.439     12.464
    52.900     37.391     12.462
    53.000     37.344     12.460
    53.100     37.300     12.457
    53.200     37.253     12.454
    53.300     37.206     12.451
    53.400     37.160     12.447
    53.500     37.117     12.443
    53.600     37.071     12.438
    53.700     37.025     12.433
    53.800     36.980     12.427
    53.900     36.938     12.420
    54.000     36.894     12.413
    54.100     36.850     12.405
    54.200     36.806     12.396
    54.300     36.765     12.387
    54.400     36.721     12.376
    54.500     36.679     12.365
    54.600     36.636     12.353
    54.700     36.597     12.340
    54.800     36.554     12.326
    54.900     36.513     12.312
    55.000     36.475     12.296
    55.100     36.433     12.280
    55.200     36.392     12.263
    55.300     36.352     12.246
    55.400     36.315     12.227
    55.500     36.274     12.207
    55.600     36.234     12.187
    55.700     36.195     12.166
    55.800     36.159     12.144
    55.900     36.120     12.122
    56.000     36.081     12.098
    56.100     36.043     12.074
    56.200     36.008     12.050
    56.300     35.971     12.025
    56.400     35.933     11.998
    56.500     35.896     11.971
    56.600     35.862     11.945
    56.700     35.825     11.917
    56.800     35.789     11.889
    56.900     35.753     11.861
    57.000     35.720     11.831
    57.100     35.685     11.801
    57.200     35.649     11.772
    57.300     35.614     11.741
    57.400     35.583     11.710
    57.500     35.548     11.679
    57.600     35.513     11.648
    57.700     35.480     11.616
    57.800     35.449     11.584
    57.900     35.416     11.552
    58.000     35.382     11.519
    58.100     35.350     11.486
    58.200     35.320     11.454
    58.300     35.287     11.420
    58.400     35.255     11.387
    58.500     35.224     11.354
    58.600     35.192     11.320
    58.700     35.163     11.286
    58.800     35.131     11.252
    58.900     35.101     11.218
    59.000     35.070     11.184
    59.100     35.042     11.150
    59.200     35.012     11.116
    59.300     34.982     11.082
    59.400     34.952     11.047
    59.500     34.925     11.014
    59.600     34.896     10.979
    59.700     34.867     10.945
    59.800     34.838     10.911
    59.900     34.812     10.877
    60.000     34.784     10.842
    60.100     34.755     10.808
    60.200     34.728     10.774
    60.300     34.700     10.740
    60.400     34.675     10.706
    60.500     34.647     10.673
    60.600     34.621     10.639
    60.700     34.593     10.605
    60.800     34.569     10.572
    60.900     34.543     10.538
    61.000     34.516     10.504
    61.100     34.490     10.472
    61.200     34.467     10.438
    61.300     34.441     10.405
    61.400     34.415     10.373
    61.500     34.391     10.340
    61.600     34.365     10.307
    61.700     34.343     10.274
    61.800     34.318     10.243
    61.900     34.293     10.210
    62.000     34.269     10.178
    62.100     34.247     10.146
    62.200     34.223     10.114
    62.300     34.199     10.083
    62.400     34.176     10.052
    62.500     34.152     10.020
    62.600     34.131      9.989
    62.700     34.108      9.958
    62.800     34.085      9.928
    62.900     34.062      9.897
    63.000     34.042      9.866
    63.100     34.020      9.837
    63.200     33.997      9.806
    63.300     33.975      9.776
    63.400     33.953      9.747
    63.500     33.933      9.717
    63.600     33.912      9.688
    63.700     33.890      9.659
    63.800     33.869      9.630
    63.900     33.851      9.601
    64.000     33.829      9.573
    64.100     33.808      9.544
    64.200     33.787      9.516
    64.300     33.767      9.487
    64.400     33.749      9.460
    64.500     33.728      9.432
    64.600     33.708      9.404
    64.700     33.688      9.378
    64.800     33.668      9.350
    64.900     33.650      9.323
    65.000     33.631      9.297
    65.100     33.611      9.270
    65.200     33.592      9.243
    65.300     33.573      9.218
    65.400     33.556      9.192
    65.500     33.537      9.165
    65.600     33.518      9.139
    65.700     33.499      9.115
    65.800     33.483      9.089
    65.900     33.464      9.064
    66.000     33.446      9.039
    66.100     33.428      9.014
    66.200     33.410      8.990
    66.300     33.394      8.966
    66.400     33.376      8.942
    66.500     33.358      8.917
    66.600     33.340      0.000
    66.700     33.323      0.000
    66.800     33.308      0.000
    66.900     33.290      0.000
    67.000     33.273      0.000
    67.100     33.256      0.000
    67.200     33.239      0.000
    67.300     33.224      0.000
    67.400     33.207      0.000
    67.500     33.190      0.000
    67.600     33.174      0.000
    67.700     33.158      0.000
    67.800     33.144      0.000
    67.900     33.127      0.000
    68.000     33.111      0.000
    68.100     33.095      0.000
    68.200     33.079      0.000
    68.300     33.065      0.000
    68.400     33.049      0.000
    68.500     33.033      0.000
    68.600     33.018      0.000
    68.700     33.002      0.000
    68.800     32.989      0.000
    68.900     32.974      0.000
    69.000     32.958      0.000
    69.100     32.943      0.000
    69.200     32.928      0.000
    69.300     32.913      0.000
    69.400     32.900      0.000
    69.500     32.885      0.000
    69.600     32.870      0.000
    69.700     32.856      0.000
    69.800     32.841      0.000
    69.900     32.829      0.000
    70.000     32.814      0.000
    70.100     32.799      0.000
    70.200     32.786      0.000
    70.300     32.771      0.000
    70.400     32.759      0.000
    70.500     32.745      0.000
    70.600     32.730      0.000
    70.700     32.717      0.000
    70.800     32.703      0.000
    70.900     32.689      0.000
    71.000     32.677      0.000
    71.100     32.664      0.000
    71.200     32.650      0.000
    71.300     32.637      0.000
    71.400     32.623      0.000
    71.500     32.612      0.000
    71.600     32.598      0.000
    71.700     32.585      0.000
    71.800     32.571      0.000
    71.900     32.558      0.000
    72.000     32.548      0.000
    72.100     32.534      0.000
    72.200     32.521      0.000
    72.300     32.508      0.000
    72.400     32.496      0.000
    72.500     32.482      0.000
    72.600     32.472      0.000
    72.700     32.459      0.000
    72.800     32.446      0.000
    72.900     32.434      0.000
    73.000     32.421      0.000
    73.100     32.409      0.000
    73.200     32.398      0.000
    73.300     32.386      0.000
    73.400     32.373      0.000
    73.500     32.361      0.000
    73.600     32.349      0.000
    73.700     32.339      0.000
    73.800     32.326      0.000
    73.900     32.314      0.000
    74.000     32.302      0.000
    74.100     32.290      0.000
    74.200     32.278      0.000
    74.300     32.268      0.000
    74.400     32.256      0.000
    74.500     32.244      0.000
    74.600     32.233      0.000
    74.700     32.221      0.000
    74.800     32.209      0.000
    74.900     32.200      0.000
    75.000     32.188      0.000
    75.100     32.176      0.000
    75.200     32.165      0.000
    75.300     32.153      0.000
    75.400     32.144      0.000
    75.500     32.132      0.000
    75.600     32.121      0.000
    75.700     32.109      0.000
    75.800     32.099      0.000
    75.900     32.087      0.000
    76.000     32.078      0.000
    76.100     32.066      0.000
    76.200     32.055      0.000
    76.300     32.044      0.000
    76.400     32.034      0.000
    76.500     32.022      0.000
    76.600     32.013      0.000
    76.700     32.002      0.000
    76.800     31.991      0.000
    76.900     31.980      0.000
    77.000     31.970      0.000
    77.100     31.958      0.000
    77.200     31.950      0.000
    77.300     31.939      0.000
    77.400     31.928      0.000
    77.500     31.917      0.000
    77.600     31.907      0.000
    77.700     31.896      0.000
    77.800     31.887      0.000
    77.900     31.876      0.000
    78.000     31.866      0.000
    78.100     31.855      0.000
    78.200     31.845      0.000
    78.300     31.834      0.000
    78.400     31.826      0.000
    78.500     31.815      0.000
    78.600     31.805      0.000
    78.700     31.794      0.000
    78.800     31.784      0.000
    78.900     31.774      0.000
    79.000     31.763      0.000
    79.100     31.755      0.000
    79.200     31.745      0.000
    79.300     31.734      0.000
    79.400     31.724      0.000
    79.500     31.714      0.000
    79.600     31.704      0.000
    79.700     31.695      0.000
    79.800     31.685      0.000
    79.900     31.675      0.000
    80.000     31.665      0.000
    80.100     31.655      0.000
    80.200     31.645      0.000
    80.300     31.637      0.000
    80.400     31.627      0.000
    80.500     31.617      0.000
    80.600     31.607      0.000
    80.700     31.597      0.000
    80.800     31.587      0.000
    80.900     31.577      0.000
    81.000     31.569      0.000
    81.100     31.559      0.000
    81.200     31.549      0.000
    81.300     31.539      0.000
    81.400     31.530      0.000
    81.500     31.520      0.000
    81.600     31.512      0.000
    81.700     31.502      0.000
    81.800     31.493      0.000
    81.900     31.483      0.000
    82.000     31.473      0.000
    82.100     31.464      0.000
    82.200     31.454      0.000
    82.300     31.446      0.000
    82.400     31.436      0.000
    82.500     31.427      0.000
    82.600     31.417      0.000
    82.700     31.408      0.000
    82.800     31.398      0.000
    82.900     31.391      0.000
    83.000     31.381      0.000
    83.100     31.371      0.000
    83.200     31.362      0.000
    83.300     31.352      0.000
    83.400     31.343      0.000
    83.500     31.333      0.000
    83.600     31.326      0.000
    83.700     31.316      0.000
    83.800     31.307      0.000
    83.900     31.297      0.000
    84.000     31.288      0.000
    84.100     31.279      0.000
    84.200     31.269      0.000
    84.300     31.262      0.000
    84.400     31.253      0.000
    84.500     31.243      0.000
    84.600     31.234      0.000
    84.700     31.225      0.000
    84.800     31.215      0.000
    84.900     31.206      0.000
    85.000     31.199      0.000
    85.100     31.189      0.000
    85.200     31.180      0.000
    85.300     31.171      0.000
    85.400     31.162      0.000
    85.500     31.152      0.000
    85.600     31.145      0.000
    85.700     31.136      0.000
    85.800     31.127      0.000
    85.900     31.117      0.000
    86.000     31.108      0.000
    86.100     31.099      0.000
    86.200     31.090      0.000
    86.300     31.083      0.000
    86.400     31.074      0.000
    86.500     31.065      0.000
    86.600     31.055      0.000
    86.700     31.046      0.000
    86.800     31.038      0.000
    86.900     31.028      0.000
    87.000     31.021      0.000
    87.100     31.012      0.000
    87.200     31.003      0.000
    87.300     30.994      0.000
    87.400     30.985      0.000
    87.500     30.976      0.000
    87.600     30.967      0.000
    87.700     30.958      0.000
    87.800     30.951      0.000
    87.900     30.942      0.000
    88.000     30.932      0.000
    88.100     30.923      0.000
    88.200     30.915      0.000
    88.300     30.906      0.000
    88.400     30.897      0.000
    88.500     30.890      0.000
    88.600     30.881      0.000
    88.700     30.872      0.000
    88.800     30.863      0.000
    88.900     30.854      0.000
    89.000     30.845      0.000
    89.100     30.836      0.000
    89.200     30.829      0.000
    89.300     30.820      0.000
    89.400     30.811      0.000
    89.500     30.802      0.000
    89.600     30.793      0.000
    89.700     30.785      0.000
    89.800     30.776      0.000
    89.900     30.769      0.000
    90.000     30.760      0.000
    90.100     30.751      0.000
    90.200     30.742      0.000
    90.300     30.733      0.000
    90.400     30.725      0.000
    90.500     30.716      0.000
    90.600     30.707      0.000
    90.700     30.700      0.000
    90.800     30.691      0.000
    90.900     30.682      0.000
    91.000     30.673      0.000
    91.100     30.665      0.000
    91.200     30.656      0.000
    91.300     30.647      0.000
    91.400     30.640      0.000
    91.500     30.631      0.000
    91.600     30.623      0.000
    91.700     30.614      0.000
    91.800     30.605      0.000
    91.900     30.597      0.000
    92.000     30.588      0.000
    92.100     30.579      0.000
    92.200     30.572      0.000
    92.300     30.563      0.000
    92.400     30.554      0.000
    92.500     30.545      0.000
    92.600     30.537      0.000
    92.700     30.529      0.000
    92.800     30.520      0.000
    92.900     30.511      0.000
    93.000     30.504      0.000
    93.100     30.495      0.000
    93.200     30.486      0.000
    93.300     30.478      0.000
    93.400     30.469      0.000
    93.500     30.461      0.000
    93.600     30.452      0.000
    93.700     30.445      0.000
    93.800     30.436      0.000
    93.900     30.427      0.000
    94.000     30.419      0.000
    94.100     30.410      0.000
    94.200     30.401      0.000
    94.300     30.393      0.000
    94.400     30.384      0.000
    94.500     30.377      0.000
    94.600     30.368      0.000
    94.700     30.360      0.000
    94.800     30.351      0.000
    94.900     30.342      0.000
    95.000     30.334      0.000
    95.100     30.325      0.000
    95.200     30.317      0.000
    95.300     30.310      0.000
    95.400     30.301      0.000
    95.500     30.292      0.000
    95.600     30.283      0.000
    95.700     30.275      0.000
    95.800     30.267      0.000
    95.900     30.258      0.000
    96.000     30.249      0.000
    96.100     30.242      0.000
    96.200     30.233      0.000
    96.300     30.225      0.000
    96.400     30.216      0.000
    96.500     30.207      0.000
    96.600     30.199      0.000
    96.700     30.191      0.000
    96.800     30.182      0.000
    96.900     30.175      0.000
    97.000     30.166      0.000
    97.100     30.158      0.000
    97.200     30.149      0.000
    97.300     30.140      0.000
    97.400     30.132      0.000
    97.500     30.123      0.000
    97.600     30.115      0.000
    97.700     30.108      0.000
    97.800     30.099      0.000
    97.900     30.090      0.000
    98.000     30.082      0.000
    98.100     30.073      0.000
    98.200     30.065      0.000
    98.300     30.056      0.000
    98.400     30.047      0.000
    98.500     30.039      0.000
    98.600     30.032      0.000
    98.700     30.023      0.000
    98.800     30.015      0.000
    98.900     30.006      0.000
    99.000     29.997      0.000
    99.100     29.989      0.000
    99.200     29.980      0.000
    99.300     29.972      0.000
    99.400     29.965      0.000
    99.500     29.956      0.000
    99.600     29.948      0.000
    99.700     29.939      0.000
    99.800     29.930      0.000
    99.900     29.922      0.000
   100.000     29.913      0.000
   100.100     29.905      0.000
   100.200     29.898      0.000
   100.300     29.889      0.000
   100.400     29.880      0.000
   100.500     29.872      0.000
   100.600     29.863      0.000
   100.700     29.854      0.000
   100.800     29.846      0.000
   100.900     29.837      0.000
   101.000     29.829      0.000
   101.100     29.822      0.000
   101.200     29.813      0.000
   101.300     29.805      0.000
   101.400     29.796      0.000
   101.500     29.787      0.000
   101.600     29.779      0.000
   101.700     29.770      0.000
   101.800     29.762      0.000
   101.900     29.753      0.000
   102.000     29.746      0.000
   102.100     29.737      0.000
   102.200     29.729      0.000
   102.300     29.720      0.000
   102.400     29.711      0.000
   102.500     29.703      0.000
   102.600     29.695      0.000
   102.700     29.686      0.000
   102.800     29.679      0.000
   102.900     29.670      0.000
   103.000     29.662      0.000
   103.100     29.653      0.000
   103.200     29.644      0.000
   103.300     29.636      0.000
   103.400     29.628      0.000
   103.500     29.619      0.000
   103.600     29.610      0.000
   103.700     29.603      0.000
   103.800     29.594      0.000
   103.900     29.586      0.000
   104.000     29.577      0.000
   104.100     29.568      0.000
   104.200     29.560      0.000
   104.300     29.552      0.000
   104.400     29.543      0.000
   104.500     29.534      0.000
   104.600     29.527      0.000
   104.700     29.518      0.000
   104.800     29.510      0.000
   104.900     29.501      0.000
   105.000     29.492      0.000
   105.100     29.484      0.000
   105.200     29.476      0.000
   105.300     29.467      0.000
   105.400     29.458      0.000
   105.500     29.451      0.000
   105.600     29.442      0.000
   105.700     29.434      0.000
   105.800     29.425      0.000
   105.900     29.416      0.000
   106.000     29.408      0.000
   106.100     29.399      0.000
   106.200     29.391      0.000
   106.300     29.382      0.000
   106.400     29.375      0.000
   106.500     29.366      0.000
   106.600     29.357      0.000
   106.700     29.349      0.000
   106.800     29.340      0.000
   106.900     29.331      0.000
   107.000     29.323      0.000
   107.100     29.314      0.000
   107.200     29.306      0.000
   107.300     29.297      0.000
   107.400     29.290      0.000
   107.500     29.281      0.000
   107.600     29.273      0.000
   107.700     29.264      0.000
   107.800     29.255      0.000
   107.900     29.247      0.000
   108.000     29.238      0.000
   108.100     29.229      0.000
   108.200     29.221      0.000
   108.300     29.213      0.000
   108.400     29.205      0.000
   108.500     29.196      0.000
   108.600     29.187      0.000
   108.700     29.179      0.000
   108.800     29.170      0.000
   108.900     29.162      0.000
   109.000     29.153      0.000
   109.100     29.144      0.000
   109.200     29.137      0.000
   109.300     29.128      0.000
   109.400     29.119      0.000
   109.500     29.111      0.000
   109.600     29.102      0.000
   109.700     29.093      0.000
   109.800     29.085      0.000
   109.900     29.076      0.000
   110.000     29.068      0.000
   110.100     29.059      0.000
   110.200     29.052      0.000
   110.300     29.043      0.000
   110.400     29.034      0.000
   110.500     29.025      0.000
   110.600     29.017      0.000
   110.700     29.008      0.000
   110.800     28.999      0.000
   110.900     28.991      0.000
   111.000     28.982      0.000
   111.100     28.973      0.000
   111.200     28.966      0.000
   111.300     28.957      0.000
   111.400     28.949      0.000
   111.500     28.940      0.000
   111.600     28.931      0.000
   111.700     28.922      0.000
   111.800     28.914      0.000
   111.900     28.905      0.000
   112.000     28.896      0.000
   112.100     28.888      0.000
   112.200     28.880      0.000
   112.300     28.872      0.000
   112.400     28.863      0.000
   112.500     28.854      0.000
   112.600     28.845      0.000
   112.700     28.837      0.000
   112.800     28.828      0.000
   112.900     28.819      0.000
   113.000     28.811      0.000
   113.100     28.802      0.000
   113.200     28.794      0.000
   113.300     28.786      0.000
   113.400     28.777      0.000
   113.500     28.768      0.000
   113.600     28.759      0.000
   113.700     28.751      0.000
   113.800     28.742      0.000
   113.900     28.733      0.000
   114.000     28.725      0.000
   114.100     28.716      0.000
   114.200     28.708      0.000
   114.300     28.700      0.000
   114.400     28.691      0.000
   114.500     28.682      0.000
   114.600     28.673      0.000
   114.700     28.665      0.000
   114.800     28.656      0.000
   114.900     28.647      0.000
   115.000     28.639      0.000
   115.100     28.630      0.000
   115.200     28.622      0.000
   115.300     28.613      0.000
   115.400     28.605      0.000
   115.500     28.596      0.000
   115.600     28.587      0.000
   115.700     28.578      0.000
   115.800     28.570      0.000
   115.900     28.561      0.000
   116.000     28.552      0.000
   116.100     28.543      0.000
   116.200     28.536      0.000
   116.300     28.527      0.000
   116.400     28.518      0.000
   116.500     28.510      0.000
   116.600     28.501      0.000
   116.700     28.492      0.000
   116.800     28.483      0.000
   116.900     28.475      0.000
   117.000     28.466      0.000
   117.100     28.457      0.000
   117.200     28.448      0.000
   117.300     28.441      0.000
   117.400     28.432      0.000
   117.500     28.423      0.000
   117.600     28.414      0.000
   117.700     28.405      0.000
   117.800     28.396      0.000
   117.900     28.388      0.000
   118.000     28.379      0.000
   118.100     28.370      0.000
   118.200     28.361      0.000
   118.300     28.354      0.000
   118.400     28.345      0.000
   118.500     28.336      0.000
   118.600     28.327      0.000
   118.700     28.319      0.000
   118.800     28.310      0.000
   118.900     28.301      0.000
   119.000     28.292      0.000
   119.100     28.284      0.000
   119.200     28.275      0.000
   119.300     28.266      0.000
   119.400     28.258      0.000
   119.500     28.249      0.000
   119.600     28.241      0.000
   119.700     28.232      0.000
   119.800     28.223      0.000
   119.900     28.214      0.000
   120.000     28.205      0.000
   120.100     28.197      0.000
   120.200     28.188      0.000
   120.300     28.179      0.000
   120.400     28.170      0.000
   120.500     28.162      0.000
   120.600     28.153      0.000
   120.700     28.145      0.000
   120.800     28.136      0.000
   120.900     28.127      0.000
   121.000     28.118      0.000
   121.100     28.109      0.000
   121.200     28.101      0.000
   121.300     28.092      0.000
   121.400     28.083      0.000
   121.500     28.074      0.000
   121.600     28.066      0.000
   121.700     28.058      0.000
   121.800     28.049      0.000
   121.900     28.040      0.000
   122.000     28.031      0.000
   122.100     28.022      0.000
   122.200     28.013      0.000
   122.300     28.004      0.000
   122.400     27.996      0.000
   122.500     27.987      0.000
   122.600     27.978      0.000
   122.700     27.970      0.000
   122.800     27.961      0.000
   122.900     27.953      0.000
   123.000     27.944      0.000
   123.100     27.935      0.000
   123.200     27.926      0.000
   123.300     27.917      0.000
   123.400     27.908      0.000
   123.500     27.900      0.000
   123.600     27.891      0.000
   123.700     27.882      0.000
   123.800     27.873      0.000
   123.900     27.865      0.000
   124.000     27.856      0.000
   124.100     27.847      0.000
   124.200     27.839      0.000
   124.300     27.830      0.000
   124.400     27.821      0.000
   124.500     27.812      0.000
   124.600     27.803      0.000
   124.700     27.794      0.000
   124.800     27.785      0.000
   124.900     27.777      0.000
   125.000     27.769      0.000
   125.100     27.760      0.000
   125.200     27.751      0.000
   125.300     27.742      0.000
   125.400     27.733      0.000
   125.500     27.724      0.000
   125.600     27.715      0.000
   125.700     27.707      0.000
   125.800     27.698      0.000
   125.900     27.689      0.000
   126.000     27.680      0.000
   126.100     27.671      0.000
   126.200     27.664      0.000
   126.300     27.655      0.000
   126.400     27.646      0.000
   126.500     27.637      0.000
   126.600     27.628      0.000
   126.700     27.619      0.000
   126.800     27.610      0.000
   126.900     27.601      0.000
   127.000     27.593      0.000
   127.100     27.584      0.000
   127.200     27.575      0.000
   127.300     27.566      0.000
   127.400     27.558      0.000
   127.500     27.549      0.000
   127.600     27.540      0.000
   127.700     27.532      0.000
   127.800     27.523      0.000
   127.900     27.514      0.000
   128.000     27.505      0.000
   128.100     27.496      0.000
   128.200     27.487      0.000
   128.300     27.478      0.000
   128.400     27.469      0.000
   128.500     27.461      0.000
   128.600     27.453      0.000
   128.700     27.444      0.000
   128.800     27.435      0.000
   128.900     27.426      0.000
   129.000     27.417      0.000
   129.100     27.408      0.000
   129.200     27.399      0.000
   129.300     27.390      0.000
   129.400     27.382      0.000
   129.500     27.373      0.000
   129.600     27.364      0.000
   129.700     27.355      0.000
   129.800     27.347      0.000
   129.900     27.338      0.000
   130.000     27.329      0.000
   130.100     27.321      0.000
   130.200     27.312      0.000
   130.300     27.303      0.000
   130.400     27.294      0.000
   130.500     27.285      0.000
   130.600     27.276      0.000
   130.700     27.268      0.000
   130.800     27.259      0.000
   130.900     27.250      0.000
   131.000     27.241      0.000
   131.100     27.233      0.000
   131.200     27.224      0.000
   131.300     27.215      0.000
   131.400     27.206      0.000
   131.500     27.197      0.000
   131.600     27.188      0.000
   131.700     27.180      0.000
   131.800     27.171      0.000
   131.900     27.162      0.000
   132.000     27.153      0.000
   132.100     27.144      0.000
   132.200     27.135      0.000
   132.300     27.128      0.000
   132.400     27.119      0.000
   132.500     27.110      0.000
   132.600     27.101      0.000
   132.700     27.092      0.000
   132.800     27.083      0.000
   132.900     27.074      0.000
   133.000     27.065      0.000
   133.100     27.057      0.000
   133.200     27.048      0.000
   133.300     27.039      0.000
   133.400     27.030      0.000
   133.500     27.021      0.000
   133.600     27.013      0.000
   133.700     27.004      0.000
   133.800     26.996      0.000
   133.900     26.987      0.000
   134.000     26.978      0.000
   134.100     26.969      0.000
   134.200     26.960      0.000
   134.300     26.951      0.000
   134.400     26.942      0.000
   134.500     26.934      0.000
   134.600     26.925      0.000
   134.700     26.916      0.000
   134.800     26.907      0.000
   134.900     26.899      0.000
   135.000     26.890      0.000
   135.100     26.881      0.000
   135.200     26.873      0.000
   135.300     26.864      0.000
   135.400     26.855      0.000
   135.500     26.846      0.000
   135.600     26.837      0.000
   135.700     26.828      0.000
   135.800     26.820      0.000
   135.900     26.811      0.000
   136.000     26.802      0.000
   136.100     26.793      0.000
   136.200     26.785      0.000
   136.300     26.776      0.000
   136.400     26.768      0.000
   136.500     26.759      0.000
   136.600     26.750      0.000
   136.700     26.741      0.000
   136.800     26.732      0.000
   136.900     26.723      0.000
   137.000     26.714      0.000
   137.100     26.706      0.000
   137.200     26.697      0.000
   137.300     26.688      0.000
   137.400     26.679      0.000
   137.500     26.671      0.000
   137.600     26.663      0.000
   137.700     26.654      0.000
   137.800     26.645      0.000
   137.900     26.636      0.000
   138.000     26.627      0.000
   138.100     26.618      0.000
   138.200     26.610      0.000
   138.300     26.601      0.000
   138.400     26.592      0.000
   138.500     26.584      0.000
   138.600     26.575      0.000
   138.700     26.566      0.000
   138.800     26.557      0.000
   138.900     26.548      0.000
   139.000     26.540      0.000
   139.100     26.531      0.000
   139.200     26.523      0.000
   139.300     26.514      0.000
   139.400     26.505      0.000
   139.500     26.496      0.000
   139.600     26.487      0.000
   139.700     26.479      0.000
   139.800     26.470      0.000
   139.900     26.461      0.000
   140.000     26.453      0.000
   140.100     26.444      0.000
   140.200     26.435      0.000
   140.300     26.426      0.000
   140.400     26.418      0.000
   140.500     26.409      0.000
   140.600     26.401      0.000
   140.700     26.392      0.000
   140.800     26.383      0.000
   140.900     26.374      0.000
   141.000     26.366      0.000
   141.100     26.357      0.000
   141.200     26.348      0.000
   141.300     26.340      0.000
   141.400     26.331      0.000
   141.500     26.322      0.000
   141.600     26.313      0.000
   141.700     26.304      0.000
   141.800     26.297      0.000
   141.900     26.288      0.000
   142.000     26.279      0.000
   142.100     26.270      0.000
   142.200     26.262      0.000
   142.300     26.253      0.000
   142.400     26.244      0.000
   142.500     26.235      0.000
   142.600     26.227      0.000
   142.700     26.218      0.000
   142.800     26.209      0.000
   142.900     26.201      0.000
   143.000     26.192      0.000
   143.100     26.183      0.000
   143.200     26.175      0.000
   143.300     26.167      0.000
   143.400     26.158      0.000
   143.500     26.149      0.000
   143.600     26.140      0.000
   143.700     26.132      0.000
   143.800     26.123      0.000
   143.900     26.114      0.000
   144.000     26.106      0.000
   144.100     26.097      0.000
   144.200     26.088      0.000
   144.300     26.080      0.000
   144.400     26.071      0.000
   144.500     26.062      0.000
   144.600     26.054      0.000
   144.700     26.046      0.000
   144.800     26.037      0.000
   144.900     26.028      0.000
   145.000     26.020      0.000
   145.100     26.011      0.000
   145.200     26.002      0.000
   145.300     25.994      0.000
   145.400     25.985      0.000
   145.500     25.976      0.000
   145.600     25.968      0.000
   145.700     25.959      0.000
   145.800     25.951      0.000
   145.900     25.942      0.000
   146.000     25.933      0.000
   146.100     25.925      0.000
   146.200     25.917      0.000
   146.300     25.908      0.000
   146.400     25.899      0.000
   146.500     25.891      0.000
   146.600     25.882      0.000
   146.700     25.874      0.000
   146.800     25.865      0.000
   146.900     25.856      0.000
   147.000     25.848      0.000
   147.100     25.839      0.000
   147.200     25.831      0.000
   147.300     25.822      0.000
   147.400     25.813      0.000
   147.500     25.805      0.000
   147.600     25.796      0.000
   147.700     25.789      0.000
   147.800     25.780      0.000
   147.900     25.771      0.000
   148.000     25.763      0.000
   148.100     25.754      0.000
   148.200     25.746      0.000
   148.300     25.737      0.000
   148.400     25.728      0.000
   148.500     25.720      0.000
   148.600     25.711      0.000
   148.700     25.703      0.000
   148.800     25.694      0.000
   148.900     25.686      0.000
   149.000     25.677      0.000
   149.100     25.668      0.000
   149.200     25.660      0.000
   149.300     25.652      0.000
   149.400     25.644      0.000
   149.500     25.635      0.000
   149.600     25.626      0.000
   149.700     25.618      0.000
   149.800     25.609      0.000
   149.900     25.601      0.000
   150.000     25.592      0.000
   150.100     25.584      0.000
   150.200     25.575      0.000
   150.300     25.567      0.000
   150.400     25.558      0.000
   150.500     25.550      0.000
   150.600     25.541      0.000
   150.700     25.533      0.000
   150.800     25.524      0.000
   150.900     25.517      0.000
   151.000     25.508      0.000
   151.100     25.500      0.000
   151.200     25.491      0.000
   151.300     25.483      0.000
   151.400     25.474      0.000
   151.500     25.466      0.000
   151.600     25.457      0.000
   151.700     25.449      0.000
   151.800     25.440      0.000
   151.900     25.432      0.000
   152.000     25.424      0.000
   152.100     25.415      0.000
   152.200     25.407      0.000
   152.300     25.398      0.000
   152.400     25.390      0.000
   152.500     25.382      0.000
   152.600     25.374      0.000
   152.700     25.365      0.000
   152.800     25.357      0.000
   152.900     25.348      0.000
   153.000     25.340      0.000
   153.100     25.331      0.000
   153.200     25.323      0.000
   153.300     25.315      0.000
   153.400     25.306      0.000
   153.500     25.298      0.000
   153.600     25.290      0.000
   153.700     25.281      0.000
   153.800     25.273      0.000
   153.900     25.264      0.000
   154.000     25.256      0.000
   154.100     25.249      0.000
   154.200     25.240      0.000
   154.300     25.232      0.000
   154.400     25.223      0.000
   154.500     25.215      0.000
   154.600     25.207      0.000
   154.700     25.198      0.000
   154.800     25.190      0.000
   154.900     25.181      0.000
   155.000     25.173      0.000
   155.100     25.165      0.000
   155.200     25.156      0.000
   155.300     25.148      0.000
   155.400     25.140      0.000
   155.500     25.132      0.000
   155.600     25.123      0.000
   155.700     25.115      0.000
   155.800     25.107      0.000
   155.900     25.099      0.000
   156.000     25.091      0.000
   156.100     25.082      0.000
   156.200     25.074      0.000
   156.300     25.066      0.000
   156.400     25.058      0.000
   156.500     25.049      0.000
   156.600     25.041      0.000
   156.700     25.033      0.000
   156.800     25.024      0.000
   156.900     25.016      0.000
   157.000     25.008      0.000
   157.100     25.000      0.000
   157.200     24.991      0.000
   157.300     24.983      0.000
   157.400     24.975      0.000
   157.500     24.967      0.000
   157.600     24.959      0.000
   157.700     24.951      0.000
   157.800     24.943      0.000
   157.900     24.934      0.000
   158.000     24.926      0.000
   158.100     24.918      0.000
   158.200     24.910      0.000
   158.300     24.902      0.000
   158.400     24.893      0.000
   158.500     24.885      0.000
   158.600     24.877      0.000
   158.700     24.869      0.000
   158.800     24.861      0.000
   158.900     24.853      0.000
   159.000     24.844      0.000
   159.100     24.836      0.000
   159.200     24.828      0.000
   159.300     24.821      0.000
   159.400     24.812      0.000
   159.500     24.804      0.000
   159.600     24.796      0.000
   159.700     24.788      0.000
   159.800     24.780      0.000
   159.900     24.772      0.000
   160.000     24.763      0.000
   160.100     24.755      0.000
   160.200     24.747      0.000
   160.300     24.739      0.000
   160.400     24.731      0.000
   160.500     24.723      0.000
   160.600     24.715      0.000
   160.700     24.707      0.000
   160.800     24.699      0.000
   160.900     24.691      0.000
   161.000     24.683      0.000
   161.100     24.675      0.000
   161.200     24.667      0.000
   161.300     24.659      0.000
   161.400     24.651      0.000
   161.500     24.643      0.000
   161.600     24.635      0.000
   161.700     24.627      0.000
   161.800     24.619      0.000
   161.900     24.611      0.000
   162.000     24.602      0.000
   162.100     24.594      0.000
   162.200     24.586      0.000
   162.300     24.578      0.000
   162.400     24.571      0.000
   162.500     24.563      0.000
   162.600     24.554      0.000
   162.700     24.546      0.000
   162.800     24.538      0.000
   162.900     24.530      0.000
   163.000     24.523      0.000
   163.100     24.515      0.000
   163.200     24.507      0.000
   163.300     24.499      0.000
   163.400     24.491      0.000
   163.500     24.483      0.000
   163.600     24.475      0.000
   163.700     24.467      0.000
   163.800     24.459      0.000
   163.900     24.451      0.000
   164.000     24.443      0.000
   164.100     24.435      0.000
   164.200     24.428      0.000
   164.300     24.420      0.000
   164.400     24.412      0.000
   164.500     24.404      0.000
   164.600     24.396      0.000
   164.700     24.388      0.000
   164.800     24.380      0.000
   164.900     24.373      0.000
   165.000     24.365      0.000
   165.100     24.357      0.000
   165.200     24.349      0.000
   165.300     24.341      0.000
   165.400     24.333      0.000
   165.500     24.326      0.000
   165.600     24.318      0.000
   165.700     24.310      0.000
   165.800     24.302      0.000
   165.900     24.294      0.000
   166.000     24.286      0.000
   166.100     24.278      0.000
   166.200     24.271      0.000
   166.300     24.263      0.000
   166.400     24.255      0.000
   166.500     24.247      0.000
   166.600     24.239      0.000
   166.700     24.231      0.000
   166.800     24.224      0.000
   166.900     24.217      0.000
   167.000     24.209      0.000
   167.100     24.201      0.000
   167.200     24.193      0.000
   167.300     24.185      0.000
   167.400     24.178      0.000
   167.500     24.170      0.000
   167.600     24.162      0.000
   167.700     24.154      0.000
   167.800     24.146      0.000
   167.900     24.139      0.000
   168.000     24.131      0.000
   168.100     24.123      0.000
   168.200     24.116      0.000
   168.300     24.108      0.000
   168.400     24.100      0.000
   168.500     24.092      0.000
   168.600     24.085      0.000
   168.700     24.077      0.000
   168.800     24.070      0.000
   168.900     24.062      0.000
   169.000     24.054      0.000
   169.100     24.047      0.000
   169.200     24.039      0.000
   169.300     24.031      0.000
   169.400     24.024      0.000
   169.500     24.016      0.000
   169.600     24.008      0.000
   169.700     24.001      0.000
   169.800     23.993      0.000
   169.900     23.985      0.000
   170.000     23.978      0.000
   170.100     23.970      0.000
   170.200     23.963      0.000
   170.300     23.955      0.000
   170.400     23.947      0.000
   170.500     23.940      0.000
   170.600     23.932      0.000
   170.700     23.924      0.000
   170.800     23.918      0.000
   170.900     23.910      0.000
   171.000     23.902      0.000
   171.100     23.895      0.000
   171.200     23.887      0.000
   171.300     23.880      0.000
   171.400     23.872      0.000
   171.500     23.864      0.000
   171.600     23.857      0.000
   171.700     23.849      0.000
   171.800     23.842      0.000
   171.900     23.834      0.000
   172.000     23.827      0.000
   172.100     23.819      0.000
   172.200     23.812      0.000
   172.300     23.804      0.000
   172.400     23.797      0.000
   172.500     23.789      0.000
   172.600     23.782      0.000
   172.700     23.774      0.000
   172.800     23.767      0.000
   172.900     23.760      0.000
   173.000     23.752      0.000
   173.100     23.745      0.000
   173.200     23.737      0.000
   173.300     23.730      0.000
   173.400     23.722      0.000
   173.500     23.715      0.000
   173.600     23.707      0.000
   173.700     23.700      0.000
   173.800     23.692      0.000
   173.900     23.685      0.000
   174.000     23.678      0.000
   174.100     23.670      0.000
   174.200     23.663      0.000
   174.300     23.655      0.000
   174.400     23.648      0.000
   174.500     23.641      0.000
   174.600     23.633      0.000
   174.700     23.626      0.000
   174.800     23.618      0.000
   174.900     23.611      0.000
   175.000     23.604      0.000
   175.100     23.597      0.000
   175.200     23.589      0.000
   175.300     23.582      0.000
   175.400     23.575      0.000
   175.500     23.567      0.000
   175.600     23.560      0.000
   175.700     23.553      0.000
   175.800     23.545      0.000
   175.900     23.538      0.000
   176.000     23.531      0.000
   176.100     23.523      0.000
   176.200     23.516      0.000
   176.300     23.509      0.000
   176.400     23.501      0.000
   176.500     23.494      0.000
   176.600     23.487      0.000
   176.700     23.480      0.000
   176.800     23.472      0.000
   176.900     23.465      0.000
   177.000     23.458      0.000
   177.100     23.451      0.000
   177.200     23.443      0.000
   177.300     23.437      0.000
   177.400     23.429      0.000
   177.500     23.422      0.000
   177.600     23.415      0.000
   177.700     23.408      0.000
   177.800     23.400      0.000
   177.900     23.393      0.000
   178.000     23.386      0.000
   178.100     23.379      0.000
   178.200     23.372      0.000
   178.300     23.364      0.000
   178.400     23.357      0.000
   178.500     23.350      0.000
   178.600     23.343      0.000
   178.700     23.336      0.000
   178.800     23.329      0.000
   178.900     23.321      0.000
   179.000     23.314      0.000
   179.100     23.307      0.000
   179.200     23.300      0.000
   179.300     23.293      0.000
   179.400     23.286      0.000
   179.500     23.279      0.000
   179.600     23.272      0.000
   179.700     23.265      0.000
   179.800     23.258      0.000
   179.900     23.251      0.000
   180.000     23.244      0.000
   180.100     23.237      0.000
   180.200     23.229      0.000
   180.300     23.222      0.000
   180.400     23.215      0.000
   180.500     23.208      0.000
   180.600     23.201      0.000
   180.700     23.194      0.000
   180.800     23.187      0.000
   180.900     23.180      0.000
   181.000     23.173      0.000
   181.100     23.166      0.000
   181.200     23.159      0.000
   181.300     23.152      0.000
   181.400     23.145      0.000
   181.500     23.138      0.000
   181.600     23.131      0.000
   181.700     23.124      0.000
   181.800     23.117      0.000
   181.900     23.110      0.000
   182.000     23.103      0.000
   182.100     23.096      0.000
   182.200     23.089      0.000
   182.300     23.082      0.000
   182.400     23.075      0.000
   182.500     23.069      0.000
   182.600     23.062      0.000
   182.700     23.055      0.000
   182.800     23.048      0.000
   182.900     23.041      0.000
   183.000     23.034      0.000
   183.100     23.027      0.000
   183.200     23.020      0.000
   183.300     23.013      0.000
   183.400     23.006      0.000
   183.500     22.999      0.000
   183.600     22.992      0.000
   183.700     22.986      0.000
   183.800     22.979      0.000
   183.900     22.972      0.000
   184.000     22.965      0.000
   184.100     22.958      0.000
   184.200     22.951      0.000
   184.300     22.945      0.000
   184.400     22.938      0.000
   184.500     22.931      0.000
   184.600     22.924      0.000
   184.700     22.917      0.000
   184.800     22.911      0.000
   184.900     22.904      0.000
   185.000     22.897      0.000
   185.100     22.890      0.000
   185.200     22.883      0.000
   185.300     22.876      0.000
   185.400     22.870      0.000
   185.500     22.863      0.000
   185.600     22.856      0.000
   185.700     22.849      0.000
   185.800     22.843      0.000
   185.900     22.836      0.000
   186.000     22.829      0.000
   186.100     22.822      0.000
   186.200     22.816      0.000
   186.300     22.809      0.000
   186.400     22.802      0.000
   186.500     22.795      0.000
   186.600     22.789      0.000
   186.700     22.782      0.000
   186.800     22.776      0.000
   186.900     22.769      0.000
   187.000     22.762      0.000
   187.100     22.756      0.000
   187.200     22.749      0.000
   187.300     22.742      0.000
   187.400     22.736      0.000
   187.500     22.729      0.000
   187.600     22.722      0.000
   187.700     22.716      0.000
   187.800     22.709      0.000
   187.900     22.702      0.000
   188.000     22.696      0.000
   188.100     22.689      0.000
   188.200     22.682      0.000
   188.300     22.676      0.000
   188.400     22.669      0.000
   188.500     22.663      0.000
   188.600     22.656      0.000
   188.700     22.649      0.000
   188.800     22.643      0.000
   188.900     22.636      0.000
   189.000     22.630      0.000
   189.100     22.623      0.000
   189.200     22.616      0.000
   189.300     22.610      0.000
   189.400     22.604      0.000
   189.500     22.597      0.000
   189.600     22.591      0.000
   189.700     22.584      0.000
   189.800     22.578      0.000
   189.900     22.571      0.000
   190.000     22.565      0.000
   190.100     22.558      0.000
   190.200     22.552      0.000
   190.300     22.545      0.000
   190.400     22.538      0.000
   190.500     22.532      0.000
   190.600     22.525      0.000
   190.700     22.519      0.000
   190.800     22.512      0.000
   190.900     22.506      0.000
   191.000     22.500      0.000
   191.100     22.493      0.000
   191.200     22.487      0.000
   191.300     22.480      0.000
   191.400     22.474      0.000
   191.500     22.467      0.000
   191.600     22.461      0.000
   191.700     22.454      0.000
   191.800     22.448      0.000
   191.900     22.442      0.000
   192.000     22.436      0.000
   192.100     22.429      0.000
   192.200     22.423      0.000
   192.300     22.416      0.000
   192.400     22.410      0.000
   192.500     22.404      0.000
   192.600     22.397      0.000
   192.700     22.391      0.000
   192.800     22.385      0.000
   192.900     22.378      0.000
   193.000     22.372      0.000
   193.100     22.365      0.000
   193.200     22.359      0.000
   193.300     22.353      0.000
   193.400     22.346      0.000
   193.500     22.340      0.000
   193.600     22.334      0.000
   193.700     22.327      0.000
   193.800     22.321      0.000
   193.900     22.315      0.000
   194.000     22.309      0.000
   194.100     22.302      0.000
   194.200     22.296      0.000
   194.300     22.290      0.000
   194.400     22.283      0.000
   194.500     22.277      0.000
   194.600     22.271      0.000
   194.700     22.265      0.000
   194.800     22.259      0.000
   194.900     22.253      0.000
   195.000     22.246      0.000
   195.100     22.240      0.000
   195.200     22.234      0.000
   195.300     22.228      0.000
   195.400     22.221      0.000
   195.500     22.215      0.000
   195.600     22.209      0.000
   195.700     22.203      0.000
   195.800     22.197      0.000
   195.900     22.190      0.000
   196.000     22.184      0.000
   196.100     22.178      0.000
   196.200     22.172      0.000
   196.300     22.166      0.000
   196.400     22.160      0.000
   196.500     22.153      0.000
   196.600     22.147      0.000
   196.700     22.141      0.000
   196.800     22.135      0.000
   196.900     22.129      0.000
   197.000     22.123      0.000
   197.100     22.117      0.000
   197.200     22.110      0.000
   197.300     22.104      0.000
   197.400     22.098      0.000
   197.500     22.092      0.000
   197.600     22.087      0.000
   197.700     22.081      0.000
   197.800     22.074      0.000
   197.900     22.068      0.000
   198.000     22.062      0.000
   198.100     22.056      0.000
   198.200     22.050      0.000
   198.300     22.044      0.000
   198.400     22.038      0.000
   198.500     22.032      0.000
   198.600     22.026      0.000
   198.700     22.020      0.000
   198.800     22.014      0.000
   198.900     22.008      0.000
   199.000     22.002      0.000
   199.100     21.996      0.000
   199.200     21.990      0.000
   199.300     21.984      0.000
   199.400     21.978      0.000
   199.500     21.972      0.000
   199.600     21.966      0.000
   199.700     21.960      0.000
   199.800     21.954      0.000
   199.900     21.948      0.000
   200.000     21.942      0.000
