
   0.300      0.002      0.000    -65.700    -60.000      0.003      0.045      0.000    -65.700      0.000     0.0000     0.0000 
   0.600      0.004      0.000    -65.700    -60.000      0.007      0.839      0.000    -65.700      0.000     0.0000     0.0000 
   0.900      0.006      0.000    -65.700    -60.000      0.016      9.057      0.000    -65.700      0.000     0.0000     0.0000 
   1.200      0.008      0.000    -65.700    -60.000      0.036     54.985      0.000    -65.700      0.000     0.0000     0.0000 
   1.500      0.010      0.000    -65.700    -60.000      0.074    205.865      0.000    -65.700      0.000     0.0000     0.0000 
   1.800      0.012      0.000    -65.700    -60.000      0.149    495.635      0.000    -65.700      0.000     0.0000     0.0000 
   2.100      0.013      0.000    -65.700    -60.000      0.287    787.830      0.000    -65.700      0.000     0.0000     0.0000 
   2.400      0.013      0.000    -65.700    -60.000      0.532    834.535      0.000    -65.700      0.000     0.0000     0.0000 
   2.700      0.014      0.000    -65.700    -60.000      1.000    585.647      0.000    -65.700      0.000     0.0000     0.0000 
   3.000      0.015      0.000    -65.700    -60.000      1.683    267.148      0.000    -65.700      0.000     0.0000     0.0000 
   3.300      0.016      0.000    -65.700    -60.000      2.723     76.938      0.000    -65.700      0.000     0.0000     0.0000 
   3.600      0.016      0.000    -65.700    -60.000      4.249     13.412      0.000    -65.700      0.000     0.0000     0.0000 
   3.900      0.018      0.000    -65.700    -60.000      6.403      1.340      0.000    -65.700      0.000     0.0000     0.0000 
   4.200      0.019      0.000    -65.700    -60.000      9.339      0.073      0.000    -65.700      0.000     0.0000     0.0000 
   4.500      0.021      0.000    -65.700    -60.000     13.207      0.002      0.000    -65.700      0.000     0.0000     0.0000 
   4.800      0.022      0.000    -65.700    -60.000     18.139      0.000      0.000    -65.700      0.000     0.0000     0.0000 
   5.100      0.023      0.000    -65.700    -60.000     24.232      0.000      0.000    -65.700      0.000     0.0000     0.0000 
   5.400      0.025      0.000    -65.700    -60.000     31.534      0.000      0.000    -65.700      0.000     0.0000     0.0000 
   5.700      0.028      0.000    -65.700    -60.000     40.024      0.000      0.000    -65.700      0.000     0.0000     0.0000 
   6.000      0.031      0.000    -65.700    -60.000     49.613      0.000      0.000    -65.700      0.000     0.0000     0.0000 
   6.300      0.034      0.000    -65.700    -60.000     60.126      0.001      0.000    -65.700      0.000     0.0000     0.0000 
   6.600      0.037      0.000    -65.700    -60.000     71.320      0.024      0.000    -65.700      0.000     0.0000     0.0000 
   6.900      0.040      0.000    -65.700    -60.000     82.888      0.247      0.000    -65.700      0.000     0.0000     0.0000 
   7.200      0.045      0.000    -65.700    -60.000     94.474      1.176      0.000    -65.700      0.000     0.0000     0.0000 
   7.500      0.051      0.000    -65.700    -60.000    105.696      3.562      0.000    -65.700      0.000     0.0000     0.0000 
   7.800      0.057      0.000    -65.700    -60.000    116.174     12.652      0.000    -65.700      0.000     0.0000     0.0000 
   8.100      0.064      0.000    -65.700    -60.000    125.557     51.817      0.000    -65.700      0.000     0.0000     0.0000 
   8.400      0.070      0.000    -65.700    -60.000    133.525    149.536      0.000    -65.700      0.000     0.0000     0.0000 
   8.700      0.076      0.000    -65.700    -60.000    139.839    278.572      0.000    -65.700      0.000     0.0000     0.0000 
   9.000      0.089      0.000    -65.700    -60.000    144.322    368.478      0.000    -65.700      0.000     0.0000     0.0000 
   9.300      0.103      0.000    -65.700    -60.000    146.882    423.288      0.000    -65.700      0.000     0.0000     0.0000 
   9.600      0.117      0.000    -65.700    -60.000    147.513    500.005      0.000    -65.700      0.000     0.0000     0.0000 
   9.900      0.131      0.000    -65.700    -60.000    146.283    550.363      0.000    -65.700      0.000     0.0000     0.0000 
  10.200      0.145      0.000    -65.700    -60.000    143.322    472.536      0.000    -65.700      0.000     0.0000     0.0000 
  10.500      0.159      0.000    -65.700    -60.000    138.817    292.391      0.000    -65.700      0.000     0.0000     0.0000 
  10.800      0.189      0.000    -65.700    -60.000    132.990    136.845      0.000    -65.700      0.000     0.0000     0.0000 
  11.100      0.219      0.000    -65.700    -60.000    126.089     55.768      0.000    -65.700      0.000     0.0000     0.0000 
  11.400      0.249      0.000    -65.700    -60.000    118.366     22.383      0.000    -65.700      0.000     0.0000     0.0000 
  11.700      0.279      0.000    -65.700    -60.000    110.076      8.455      0.000    -65.700      0.000     0.0000     0.0000 
  12.000      0.309      0.000    -65.700    -60.000    101.459      2.547      0.000    -65.700      0.000     0.0000     0.0000 
  12.300      0.344      0.000    -65.700    -60.000     92.717      0.543      0.000    -65.700      0.000     0.0000     0.0000 
  12.600      0.405      0.000    -65.700    -60.000     84.056      0.058      0.000    -65.700      0.000     0.0000     0.0000 
  12.900      0.466      0.000    -65.700    -60.000     75.617      0.011      0.000    -65.700      0.000     0.0000     0.0000 
  13.200      0.527      0.000    -65.700    -60.000     67.541      0.033      0.000    -65.700      0.000     0.0000     0.0000 
  13.500      0.588      0.000    -65.700    -60.000     59.908      0.104      0.000    -65.700      0.000     0.0000     0.0000 
  13.800      0.649      0.000    -65.700    -60.000     52.800      0.425      0.000    -65.700      0.000     0.0000     0.0000 
  14.100      0.728      0.000    -65.700    -60.000     46.254      1.885      0.000    -65.700      0.000     0.0000     0.0000 
  14.400      0.845      0.000    -65.700    -60.000     40.282      5.645      0.000    -65.700      0.000     0.0000     0.0000 
  14.700      0.962      0.000    -65.700    -60.000     34.900     12.517      0.000    -65.700      0.000     0.0000     0.0000 
  15.000      1.079      0.000    -65.700    -60.000     30.093     30.413      0.000    -65.700      0.000     0.0000     0.0000 
  15.300      1.196      0.000    -65.700    -60.000     25.839     79.173      0.000    -65.700      0.000     0.0000     0.0000 
  15.600      1.313      0.000    -65.700    -60.000     22.109    159.041      0.000    -65.700      0.000     0.0000     0.0000 
  15.900      1.476      0.000    -65.700    -60.000     18.871    231.517      0.000    -65.700      0.000     0.0000     0.0000 
  16.200      1.686      0.000    -65.700    -60.000     16.089    285.883      0.000    -65.700      0.000     0.0000     0.0000 
  16.500      1.896      0.000    -65.700    -60.000     13.733    363.201      0.000    -65.700      0.000     0.0000     0.0000 
  16.800      2.106      0.000    -65.700    -60.000     11.771    446.872      0.000    -65.700      0.000     0.0000     0.0000 
  17.100      2.316      0.000    -65.700    -60.000     10.171    452.402      0.000    -65.700      0.000     0.0000     0.0000 
  17.400      2.526      0.000    -65.700    -60.000      8.915    377.188      0.000    -65.700      0.000     0.0000     0.0000 
  17.700      2.831      0.000    -65.700    -60.000      7.977    300.851      0.000    -65.700      0.000     0.0000     0.0000 
  18.000      3.184      0.000    -65.700    -60.000      7.354    242.995      0.000    -65.700      0.000     0.0000     0.0000 
  18.300      3.536      0.000    -65.700    -60.000      7.024    171.750      0.000    -65.700      0.000     0.0000     0.0000 
  18.600      3.889      0.000    -65.700    -60.000      6.990     94.543      0.000    -65.700      0.000     0.0000     0.0000 
  18.900      4.241      0.000    -65.700    -60.000      7.253     42.911      0.000    -65.700      0.000     0.0000     0.0000 
  19.200      4.594      0.000    -65.700    -60.000      7.811     19.469      0.000    -65.700      0.000     0.0000     0.0000 
  19.500      5.111      0.000    -65.700    -60.000      8.670      7.976      0.000    -65.700      0.000     0.0000     0.0000 
  19.800      5.662      0.000    -65.700    -60.000      9.845      3.076      0.000    -65.700      0.000     0.0000     0.0000 
  20.100      6.212      0.000    -65.700    -60.000     11.332      1.018      0.000    -65.700      0.000     0.0000     0.0000 
  20.400      6.763      0.000    -65.700    -60.000     13.143      0.450      0.000    -65.700      0.000     0.0000     0.0000 
  20.700      7.313      0.000    -65.700    -60.000     15.278      0.567      0.000    -65.700      0.000     0.0000     0.0000 
  21.000      7.864      0.000    -65.700    -60.000     17.751      1.581      0.000    -65.700      0.000     0.0000     0.0000 
  21.300      8.662      0.000    -65.700    -60.000     20.541      4.694      0.000    -65.700      0.000     0.0000     0.0000 
  21.600      9.459      0.000    -65.700    -60.000     23.646     10.318      0.000    -65.700      0.000     0.0000     0.0000 
  21.900     10.257      0.000    -65.700    -60.000     27.057     20.017      0.000    -65.700      0.000     0.0000     0.0000 
  22.200     11.055      0.000    -65.700    -60.000     30.743     44.357      0.000    -65.700      0.000     0.0000     0.0000 
  22.500     11.853      0.000    -65.700    -60.000     34.678     92.010      0.000    -65.700      0.000     0.0000     0.0000 
  22.800     12.695      0.000    -65.700    -60.000     38.829    145.627      0.000    -65.700      0.000     0.0000     0.0000 
  23.100     13.763      0.000    -65.700    -60.000     43.158    189.588      0.000    -65.700      0.000     0.0000     0.0000 
  23.400     14.831      0.000    -65.700    -60.000     47.610    249.715      0.000    -65.700      0.000     0.0000     0.0000 
  23.700     15.899      0.000    -65.700    -60.000     52.135    331.889      0.000    -65.700      0.000     0.0000     0.0000 
  24.000     16.966      0.000    -65.700    -60.000     56.683    376.804      0.000    -65.700      0.000     0.0000     0.0000 
  24.300     18.034      0.000    -65.700    -60.000     61.187    362.096      0.000    -65.700      0.000     0.0000     0.0000 
  24.600     19.184      0.000    -65.700    -60.000     65.590    341.353      0.000    -65.700      0.000     0.0000     0.0000 
  24.900     20.496      0.000    -65.700    -60.000     69.836    327.448      0.000    -65.700      0.000     0.0000     0.0000 
  25.200     21.808      0.000    -65.700    -60.000     73.862    279.181      0.000    -65.700      0.000     0.0000     0.0000 
  25.500     23.120      0.000    -65.700    -60.000     77.615    199.999      0.000    -65.700      0.000     0.0000     0.0000 
  25.800     24.432      0.000    -65.700    -60.000     81.045    138.663      0.000    -65.700      0.000     0.0000     0.0000 
  26.100     25.744      0.000    -65.700    -60.000     84.108     97.775      0.000    -65.700      0.000     0.0000     0.0000 
  26.400     27.134      0.000    -65.700    -60.000     86.764     61.116      0.000    -65.700      0.000     0.0000     0.0000 
  26.700     28.600      0.000    -65.700    -60.000     88.982     31.265      0.000    -65.700      0.000     0.0000     0.0000 
  27.000     30.067      0.000    -65.700    -60.000     90.740     14.298      0.000    -65.700      0.000     0.0000     0.0000 
  27.300     31.533      0.000    -65.700    -60.000     92.021      6.801      0.000    -65.700      0.000     0.0000     0.0000 
  27.600     32.999      0.000    -65.700    -60.000     92.820      3.347      0.000    -65.700      0.000     0.0000     0.0000 
  27.900     34.466      0.000    -65.700    -60.000     93.136      2.273      0.000    -65.700      0.000     0.0000     0.0000 
  28.200     35.932      0.000    -65.700    -60.000     92.980      3.673      0.000    -65.700      0.000     0.0000     0.0000 
  28.500     37.397      0.000    -65.700    -60.000     92.365      7.705      0.000    -65.700      0.000     0.0000     0.0000 
  28.800     38.863      0.000    -65.700    -60.000     91.314     13.940      0.000    -65.700      0.000     0.0000     0.0000 
  29.100     40.329      0.000    -65.700    -60.000     89.856     26.479      0.000    -65.700      0.000     0.0000     0.0000 
  29.400     41.794      0.000    -65.700    -60.000     88.020     54.000      0.000    -65.700      0.000     0.0000     0.0000 
  29.700     43.260      0.000    -65.700    -60.000     85.844     91.776      0.000    -65.700      0.000     0.0000     0.0000 
  30.000     44.561      0.000    -65.700    -60.000     83.367    125.661      0.000    -65.700      0.000     0.0000     0.0000 
  30.300     45.828      0.000    -65.700    -60.000     80.628    167.677      0.000    -65.700      0.000     0.0000     0.0000 
  30.600     47.096      0.000    -65.700    -60.000     77.669    234.034      0.000    -65.700      0.000     0.0000     0.0000 
  30.900     48.363      0.000    -65.700    -60.000     74.530    290.792      0.000    -65.700      0.000     0.0000     0.0000 
  31.200     49.631      0.000    -65.700    -60.000     71.251    307.019      0.000    -65.700      0.000     0.0000     0.0000 
  31.500     50.899      0.000    -65.700    -60.000     67.874    315.327      0.000    -65.700      0.000     0.0000     0.0000 
  31.800     51.771      0.000    -65.700    -60.000     64.434    334.667      0.000    -65.700      0.000     0.0000     0.0000 
  32.100     52.643      0.000    -65.700    -60.000     60.965    320.927      0.000    -65.700      0.000     0.0000     0.0000 
  32.400     53.515      0.000    -65.700    -60.000     57.503    267.345      0.000    -65.700      0.000     0.0000     0.0000 
  32.700     54.387      0.000    -65.700    -60.000     54.074    219.335      0.000    -65.700      0.000     0.0000     0.0000 
  33.000     55.259      0.000    -65.700    -60.000     50.706    183.670      0.000    -65.700      0.000     0.0000     0.0000 
  33.300     56.041      0.000    -65.700    -60.000     47.424    138.122      0.000    -65.700      0.000     0.0000     0.0000 
  33.600     56.371      0.000    -65.700    -60.000     44.249     90.118      0.000    -65.700      0.000     0.0000     0.0000 
  33.900     56.701      0.000    -65.700    -60.000     41.197     58.117      0.000    -65.700      0.000     0.0000     0.0000 
  34.200     57.031      0.000    -65.700    -60.000     38.290     38.590      0.000    -65.700      0.000     0.0000     0.0000 
  34.500     57.361      0.000    -65.700    -60.000     35.536     22.080      0.000    -65.700      0.000     0.0000     0.0000 
  34.800     57.691      0.000    -65.700    -60.000     32.950     11.500      0.000    -65.700      0.000     0.0000     0.0000 
  35.100     57.778      0.000    -65.700    -60.000     30.542      7.127      0.000    -65.700      0.000     0.0000     0.0000 
  35.400     57.376      0.000    -65.700    -60.000     28.324      7.508      0.000    -65.700      0.000     0.0000     0.0000 
  35.700     56.975      0.000    -65.700    -60.000     26.296     10.732      0.000    -65.700      0.000     0.0000     0.0000 
  36.000     56.573      0.000    -65.700    -60.000     24.466     17.154      0.000    -65.700      0.000     0.0000     0.0000 
  36.300     56.172      0.000    -65.700    -60.000     22.844     32.410      0.000    -65.700      0.000     0.0000     0.0000 
  36.600     55.770      0.000    -65.700    -60.000     21.424     57.825      0.000    -65.700      0.000     0.0000     0.0000 
  36.900     55.369      0.000    -65.700    -60.000     20.214     83.646      0.000    -65.700      0.000     0.0000     0.0000 
  37.200     54.967      0.000    -65.700    -60.000     19.217    112.107      0.000    -65.700      0.000     0.0000     0.0000 
  37.500     54.566      0.000    -65.700    -60.000     18.428    159.936      0.000    -65.700      0.000     0.0000     0.0000 
  37.800     53.698      0.000    -65.700    -60.000     17.847    213.882      0.000    -65.700      0.000     0.0000     0.0000 
  38.100     52.598      0.000    -65.700    -60.000     17.474    242.986      0.000    -65.700      0.000     0.0000     0.0000 
  38.400     51.497      0.000    -65.700    -60.000     17.313    263.281      0.000    -65.700      0.000     0.0000     0.0000 
  38.700     50.397      0.000    -65.700    -60.000     17.349    298.531      0.000    -65.700      0.000     0.0000     0.0000 
  39.000     49.296      0.000    -65.700    -60.000     17.583    314.600      0.000    -65.700      0.000     0.0000     0.0000 
  39.300     48.196      0.000    -65.700    -60.000     18.016    289.643      0.000    -65.700      0.000     0.0000     0.0000 
  39.600     47.096      0.000    -65.700    -60.000     18.633    261.132      0.000    -65.700      0.000     0.0000     0.0000 
  39.900     45.995      0.000    -65.700    -60.000     19.429    243.109      0.000    -65.700      0.000     0.0000     0.0000 
  40.200     44.895      0.000    -65.700    -60.000     20.398    207.824      0.000    -65.700      0.000     0.0000     0.0000 
  40.500     43.498      0.000    -65.700    -60.000     21.537    155.837      0.000    -65.700      0.000     0.0000     0.0000 
  40.800     42.101      0.000    -65.700    -60.000     22.824    117.826      0.000    -65.700      0.000     0.0000     0.0000 
  41.100     40.704      0.000    -65.700    -60.000     24.254     90.266      0.000    -65.700      0.000     0.0000     0.0000 
  41.400     39.307      0.000    -65.700    -60.000     25.820     61.897      0.000    -65.700      0.000     0.0000     0.0000 
  41.700     37.910      0.000    -65.700    -60.000     27.500     38.390      0.000    -65.700      0.000     0.0000     0.0000 
  42.000     36.513      0.000    -65.700    -60.000     29.285     24.791      0.000    -65.700      0.000     0.0000     0.0000 
  42.300     35.116      0.000    -65.700    -60.000     31.165     17.755      0.000    -65.700      0.000     0.0000     0.0000 
  42.600     33.720      0.000    -65.700    -60.000     33.115     14.353      0.000    -65.700      0.000     0.0000     0.0000 
  42.900     32.361      0.000    -65.700    -60.000     35.125     14.800      0.000    -65.700      0.000     0.0000     0.0000 
  43.200     31.080      0.000    -65.700    -60.000     37.178     21.610      0.000    -65.700      0.000     0.0000     0.0000 
  43.500     29.799      0.000    -65.700    -60.000     39.262     37.083      0.000    -65.700      0.000     0.0000     0.0000 
  43.800     28.517      0.000    -65.700    -60.000     41.352     56.091      0.000    -65.700      0.000     0.0000     0.0000 
  44.100     27.236      0.000    -65.700    -60.000     43.435     75.509      0.000    -65.700      0.000     0.0000     0.0000 
  44.400     25.955      0.000    -65.700    -60.000     45.497    107.526      0.000    -65.700      0.000     0.0000     0.0000 
  44.700     24.673      0.000    -65.700    -60.000     47.518    152.044      0.000    -65.700      0.000     0.0000     0.0000 
  45.000     23.392      0.000    -65.700    -60.000     49.482    184.913      0.000    -65.700      0.000     0.0000     0.0000 
  45.300     22.111      0.000    -65.700    -60.000     51.379    207.829      0.000    -65.700      0.000     0.0000     0.0000 
  45.600     21.070      0.000    -65.700    -60.000     53.189    245.434      0.000    -65.700      0.000     0.0000     0.0000 
  45.900     20.149      0.000    -65.700    -60.000     54.900    279.178      0.000    -65.700      0.000     0.0000     0.0000 
  46.200     19.227      0.000    -65.700    -60.000     56.500    278.668      0.000    -65.700      0.000     0.0000     0.0000 
  46.500     18.306      0.000    -65.700    -60.000     57.982    266.680      0.000    -65.700      0.000     0.0000     0.0000 
  46.800     17.385      0.000    -65.700    -60.000     59.329    267.055      0.000    -65.700      0.000     0.0000     0.0000 
  47.100     16.464      0.000    -65.700    -60.000     60.537    249.931      0.000    -65.700      0.000     0.0000     0.0000 
  47.400     15.543      0.000    -65.700    -60.000     61.600    208.078      0.000    -65.700      0.000     0.0000     0.0000 
  47.700     14.622      0.000    -65.700    -60.000     62.509    172.885      0.000    -65.700      0.000     0.0000     0.0000 
  48.000     13.701      0.000    -65.700    -60.000     63.261    147.223      0.000    -65.700      0.000     0.0000     0.0000 
  48.300     13.181      0.000    -65.700    -60.000     63.854    114.199      0.000    -65.700      0.000     0.0000     0.0000 
  48.600     12.662      0.000    -65.700    -60.000     64.288     80.342      0.000    -65.700      0.000     0.0000     0.0000 
  48.900     12.142      0.000    -65.700    -60.000     64.561     58.243      0.000    -65.700      0.000     0.0000     0.0000 
  49.200     11.623      0.000    -65.700    -60.000     64.675     43.511      0.000    -65.700      0.000     0.0000     0.0000 
  49.500     11.103      0.000    -65.700    -60.000     64.634     30.311      0.000    -65.700      0.000     0.0000     0.0000 
  49.800     10.584      0.000    -65.700    -60.000     64.440     22.751      0.000    -65.700      0.000     0.0000     0.0000 
  50.100     10.064      0.000    -65.700    -60.000     64.099     21.701      0.000    -65.700      0.000     0.0000     0.0000 
  50.400      9.545      0.000    -65.700    -60.000     63.617     28.041      0.000    -65.700      0.000     0.0000     0.0000 
  50.700      9.131      0.000    -65.700    -60.000     63.000     39.714      0.000    -65.700      0.000     0.0000     0.0000 
  51.000      8.927      0.000    -65.700    -60.000     62.256     52.508      0.000    -65.700      0.000     0.0000     0.0000 
  51.300      8.723      0.000    -65.700    -60.000     61.391     72.532      0.000    -65.700      0.000     0.0000     0.0000 
  51.600      8.519      0.000    -65.700    -60.000     60.414    105.622      0.000    -65.700      0.000     0.0000     0.0000 
  51.900      8.315      0.000    -65.700    -60.000     59.335    136.854      0.000    -65.700      0.000     0.0000     0.0000 
  52.200      8.111      0.000    -65.700    -60.000     58.160    158.983      0.000    -65.700      0.000     0.0000     0.0000 
  52.500      7.907      0.000    -65.700    -60.000     56.898    191.520      0.000    -65.700      0.000     0.0000     0.0000 
  52.800      7.703      0.000    -65.700    -60.000     55.560    231.458      0.000    -65.700      0.000     0.0000     0.0000 
  53.100      7.499      0.000    -65.700    -60.000     54.153    247.233      0.000    -65.700      0.000     0.0000     0.0000 
  53.400      7.426      0.000    -65.700    -60.000     52.687    247.981      0.000    -65.700      0.000     0.0000     0.0000 
  53.700      7.420      0.000    -65.700    -60.000     51.171    260.858      0.000    -65.700      0.000     0.0000     0.0000 
  54.000      7.414      0.000    -65.700    -60.000     49.617    264.092      0.000    -65.700      0.000     0.0000     0.0000 
  54.300      7.408      0.000    -65.700    -60.000     48.030    238.038      0.000    -65.700      0.000     0.0000     0.0000 
  54.600      7.402      0.000    -65.700    -60.000     46.421    210.415      0.000    -65.700      0.000     0.0000     0.0000 
  54.900      7.396      0.000    -65.700    -60.000     44.803    193.382      0.000    -65.700      0.000     0.0000     0.0000 
  55.200      7.389      0.000    -65.700    -60.000     43.181    165.800      0.000    -65.700      0.000     0.0000     0.0000 
  55.500      7.383      0.000    -65.700    -60.000     41.566    127.462      0.000    -65.700      0.000     0.0000     0.0000 
  55.800      7.377      0.000    -65.700    -60.000     39.969    100.637      0.000    -65.700      0.000     0.0000     0.0000 
  56.100      7.477      0.000    -65.700    -60.000     38.396     80.683      0.000    -65.700      0.000     0.0000     0.0000 
  56.400      7.577      0.000    -65.700    -60.000     36.855     59.564      0.000    -65.700      0.000     0.0000     0.0000 
  56.700      7.676      0.000    -65.700    -60.000     35.356     42.983      0.000    -65.700      0.000     0.0000     0.0000 
  57.000      7.776      0.000    -65.700    -60.000     33.909     34.362      0.000    -65.700      0.000     0.0000     0.0000 
  57.300      7.876      0.000    -65.700    -60.000     32.516     31.883      0.000    -65.700      0.000     0.0000     0.0000 
  57.600      7.976      0.000    -65.700    -60.000     31.185     34.777      0.000    -65.700      0.000     0.0000     0.0000 
  57.900      8.075      0.000    -65.700    -60.000     29.925     41.039      0.000    -65.700      0.000     0.0000     0.0000 
  58.200      8.175      0.000    -65.700    -60.000     28.737     51.997      0.000    -65.700      0.000     0.0000     0.0000 
  58.500      8.292      0.000    -65.700    -60.000     27.626     73.608      0.000    -65.700      0.000     0.0000     0.0000 
  58.800      8.444      0.000    -65.700    -60.000     26.596     99.724      0.000    -65.700      0.000     0.0000     0.0000 
  59.100      8.596      0.000    -65.700    -60.000     25.655    119.478      0.000    -65.700      0.000     0.0000     0.0000 
  59.400      8.747      0.000    -65.700    -60.000     24.798    144.826      0.000    -65.700      0.000     0.0000     0.0000 
  59.700      8.899      0.000    -65.700    -60.000     24.029    182.603      0.000    -65.700      0.000     0.0000     0.0000 
  60.000      9.051      0.000    -65.700    -60.000     23.354    208.201      0.000    -65.700      0.000     0.0000     0.0000 
  60.300      9.202      0.000    -65.700    -60.000     22.766    217.050      0.000    -65.700      0.000     0.0000     0.0000 
  60.600      9.354      0.000    -65.700    -60.000     22.268    235.335      0.000    -65.700      0.000     0.0000     0.0000 
  60.900      9.505      0.000    -65.700    -60.000     21.864    254.065      0.000    -65.700      0.000     0.0000     0.0000 
  61.200      9.674      0.000    -65.700    -60.000     21.545    245.945      0.000    -65.700      0.000     0.0000     0.0000 
  61.500      9.851      0.000    -65.700    -60.000     21.313    227.064      0.000    -65.700      0.000     0.0000     0.0000 
  61.800     10.028      0.000    -65.700    -60.000     21.166    220.454      0.000    -65.700      0.000     0.0000     0.0000 
  62.100     10.205      0.000    -65.700    -60.000     21.107    203.557      0.000    -65.700      0.000     0.0000     0.0000 
  62.400     10.382      0.000    -65.700    -60.000     21.124    169.553      0.000    -65.700      0.000     0.0000     0.0000 
  62.700     10.559      0.000    -65.700    -60.000     21.218    142.132      0.000    -65.700      0.000     0.0000     0.0000 
  63.000     10.736      0.000    -65.700    -60.000     21.391    122.604      0.000    -65.700      0.000     0.0000     0.0000 
  63.300     10.913      0.000    -65.700    -60.000     21.631     97.764      0.000    -65.700      0.000     0.0000     0.0000 
  63.600     11.090      0.000    -65.700    -60.000     21.937     73.352      0.000    -65.700      0.000     0.0000     0.0000 
  63.900     11.280      0.000    -65.700    -60.000     22.311     58.347      0.000    -65.700      0.000     0.0000     0.0000 
  64.200     11.470      0.000    -65.700    -60.000     22.740     48.916      0.000    -65.700      0.000     0.0000     0.0000 
  64.500     11.660      0.000    -65.700    -60.000     23.224     42.184      0.000    -65.700      0.000     0.0000     0.0000 
  64.800     11.850      0.000    -65.700    -60.000     23.759     41.038      0.000    -65.700      0.000     0.0000     0.0000 
  65.100     12.039      0.000    -65.700    -60.000     24.344     44.338      0.000    -65.700      0.000     0.0000     0.0000 
  65.400     12.229      0.000    -65.700    -60.000     24.967     55.473      0.000    -65.700      0.000     0.0000     0.0000 
  65.700     12.419      0.000    -65.700    -60.000     25.627     73.940      0.000    -65.700      0.000     0.0000     0.0000 
  66.000     12.609      0.000    -65.700    -60.000     26.324     90.357      0.000    -65.700      0.000     0.0000     0.0000 
  66.300     12.801      0.000    -65.700    -60.000     27.045    108.550      0.000    -65.700      0.000     0.0000     0.0000 
  66.600     12.997      0.000    -65.700    -60.000     27.789    139.317      0.000    -65.700      0.000     0.0000     0.0000 
  66.900     13.192      0.000    -65.700    -60.000     28.555    168.328      0.000    -65.700      0.000     0.0000     0.0000 
  67.200     13.388      0.000    -65.700    -60.000     29.333    182.578      0.000    -65.700      0.000     0.0000     0.0000 
  67.500     13.584      0.000    -65.700    -60.000     30.120    201.001      0.000    -65.700      0.000     0.0000     0.0000 
  67.800     13.779      0.000    -65.700    -60.000     30.913    228.006      0.000    -65.700      0.000     0.0000     0.0000 
  68.100     13.975      0.000    -65.700    -60.000     31.709    234.689      0.000    -65.700      0.000     0.0000     0.0000 
  68.400     14.171      0.000    -65.700    -60.000     32.500    225.750      0.000    -65.700      0.000     0.0000     0.0000 
  68.700     14.367      0.000    -65.700    -60.000     33.284    227.407      0.000    -65.700      0.000     0.0000     0.0000 
  69.000     14.562      0.000    -65.700    -60.000     34.059    224.603      0.000    -65.700      0.000     0.0000     0.0000 
  69.300     14.758      0.000    -65.700    -60.000     34.817    199.956      0.000    -65.700      0.000     0.0000     0.0000 
  69.600     14.954      0.000    -65.700    -60.000     35.556    174.952      0.000    -65.700      0.000     0.0000     0.0000 
  69.900     15.150      0.000    -65.700    -60.000     36.273    159.876      0.000    -65.700      0.000     0.0000     0.0000 
  70.200     15.346      0.000    -65.700    -60.000     36.969    137.867      0.000    -65.700      0.000     0.0000     0.0000 
  70.500     15.542      0.000    -65.700    -60.000     37.634    108.640      0.000    -65.700      0.000     0.0000     0.0000 
  70.800     15.738      0.000    -65.700    -60.000     38.268     89.305      0.000    -65.700      0.000     0.0000     0.0000 
  71.100     15.934      0.000    -65.700    -60.000     38.872     75.219      0.000    -65.700      0.000     0.0000     0.0000 
  71.400     16.130      0.000    -65.700    -60.000     39.439     61.120      0.000    -65.700      0.000     0.0000     0.0000 
  71.700     16.321      0.000    -65.700    -60.000     39.968     52.065      0.000    -65.700      0.000     0.0000     0.0000 
  72.000     16.512      0.000    -65.700    -60.000     40.460     48.859      0.000    -65.700      0.000     0.0000     0.0000 
  72.300     16.703      0.000    -65.700    -60.000     40.909     50.906      0.000    -65.700      0.000     0.0000     0.0000 
  72.600     16.894      0.000    -65.700    -60.000     41.317     60.118      0.000    -65.700      0.000     0.0000     0.0000 
  72.900     17.084      0.000    -65.700    -60.000     41.683     71.694      0.000    -65.700      0.000     0.0000     0.0000 
  73.200     17.275      0.000    -65.700    -60.000     42.006     83.745      0.000    -65.700      0.000     0.0000     0.0000 
  73.500     17.466      0.000    -65.700    -60.000     42.283    105.365      0.000    -65.700      0.000     0.0000     0.0000 
  73.800     17.657      0.000    -65.700    -60.000     42.516    132.469      0.000    -65.700      0.000     0.0000     0.0000 
  74.100     17.845      0.000    -65.700    -60.000     42.706    149.200      0.000    -65.700      0.000     0.0000     0.0000 
  74.400     18.025      0.000    -65.700    -60.000     42.850    165.738      0.000    -65.700      0.000     0.0000     0.0000 
  74.700     18.206      0.000    -65.700    -60.000     42.949    194.103      0.000    -65.700      0.000     0.0000     0.0000 
  75.000     18.386      0.000    -65.700    -60.000     43.003    212.167      0.000    -65.700      0.000     0.0000     0.0000 
  75.300     18.567      0.000    -65.700    -60.000     43.013    211.869      0.000    -65.700      0.000     0.0000     0.0000 
  75.600     18.747      0.000    -65.700    -60.000     42.978    218.191      0.000    -65.700      0.000     0.0000     0.0000 
  75.900     18.928      0.000    -65.700    -60.000     42.901    227.649      0.000    -65.700      0.000     0.0000     0.0000 
  76.200     19.108      0.000    -65.700    -60.000     42.780    216.150      0.000    -65.700      0.000     0.0000     0.0000 
  76.500     19.289      0.000    -65.700    -60.000     42.616    195.353      0.000    -65.700      0.000     0.0000     0.0000 
  76.800     19.459      0.000    -65.700    -60.000     42.411    186.209      0.000    -65.700      0.000     0.0000     0.0000 
  77.100     19.625      0.000    -65.700    -60.000     42.167    170.737      0.000    -65.700      0.000     0.0000     0.0000 
  77.400     19.790      0.000    -65.700    -60.000     41.881    142.883      0.000    -65.700      0.000     0.0000     0.0000 
  77.700     19.955      0.000    -65.700    -60.000     41.555    121.381      0.000    -65.700      0.000     0.0000     0.0000 
  78.000     20.121      0.000    -65.700    -60.000     41.194    106.646      0.000    -65.700      0.000     0.0000     0.0000 
  78.300     20.286      0.000    -65.700    -60.000     40.795     88.443      0.000    -65.700      0.000     0.0000     0.0000 
  78.600     20.451      0.000    -65.700    -60.000     40.362     72.104      0.000    -65.700      0.000     0.0000     0.0000 
  78.900     20.617      0.000    -65.700    -60.000     39.896     63.444      0.000    -65.700      0.000     0.0000     0.0000 
  79.200     20.782      0.000    -65.700    -60.000     39.399     58.869      0.000    -65.700      0.000     0.0000     0.0000 
  79.500     20.928      0.000    -65.700    -60.000     38.872     58.409      0.000    -65.700      0.000     0.0000     0.0000 
  79.800     21.074      0.000    -65.700    -60.000     38.318     63.638      0.000    -65.700      0.000     0.0000     0.0000 
  80.100     21.220      0.000    -65.700    -60.000     37.742     70.059      0.000    -65.700      0.000     0.0000     0.0000 
  80.400     21.365      0.000    -65.700    -60.000     37.142     82.708      0.000    -65.700      0.000     0.0000     0.0000 
  80.700     21.511      0.000    -65.700    -60.000     36.523    103.928      0.000    -65.700      0.000     0.0000     0.0000 
  81.000     21.657      0.000    -65.700    -60.000     35.890    120.940      0.000    -65.700      0.000     0.0000     0.0000 
  81.300     21.803      0.000    -65.700    -60.000     35.241    134.594      0.000    -65.700      0.000     0.0000     0.0000 
  81.600     21.949      0.000    -65.700    -60.000     34.581    159.304      0.000    -65.700      0.000     0.0000     0.0000 
  81.900     22.087      0.000    -65.700    -60.000     33.915    183.386      0.000    -65.700      0.000     0.0000     0.0000 
  82.200     22.210      0.000    -65.700    -60.000     33.243    190.844      0.000    -65.700      0.000     0.0000     0.0000 
  82.500     22.333      0.000    -65.700    -60.000     32.567    198.726      0.000    -65.700      0.000     0.0000     0.0000 
  82.800     22.457      0.000    -65.700    -60.000     31.892    215.958      0.000    -65.700      0.000     0.0000     0.0000 
  83.100     22.580      0.000    -65.700    -60.000     31.221    216.805      0.000    -65.700      0.000     0.0000     0.0000 
  83.400     22.703      0.000    -65.700    -60.000     30.554    203.172      0.000    -65.700      0.000     0.0000     0.0000 
  83.700     22.826      0.000    -65.700    -60.000     29.894    199.081      0.000    -65.700      0.000     0.0000     0.0000 
  84.000     22.949      0.000    -65.700    -60.000     29.246    193.508      0.000    -65.700      0.000     0.0000     0.0000 
  84.300     23.072      0.000    -65.700    -60.000     28.608    171.206      0.000    -65.700      0.000     0.0000     0.0000 
  84.600     23.179      0.000    -65.700    -60.000     27.983    149.428      0.000    -65.700      0.000     0.0000     0.0000 
  84.900     23.277      0.000    -65.700    -60.000     27.376    136.765      0.000    -65.700      0.000     0.0000     0.0000 
  85.200     23.376      0.000    -65.700    -60.000     26.783    119.486      0.000    -65.700      0.000     0.0000     0.0000 
  85.500     23.474      0.000    -65.700    -60.000     26.209     97.716      0.000    -65.700      0.000     0.0000     0.0000 
  85.800     23.572      0.000    -65.700    -60.000     25.654     84.759      0.000    -65.700      0.000     0.0000     0.0000 
  86.100     23.671      0.000    -65.700    -60.000     25.123     75.696      0.000    -65.700      0.000     0.0000     0.0000 
  86.400     23.769      0.000    -65.700    -60.000     24.611     67.762      0.000    -65.700      0.000     0.0000     0.0000 
  86.700     23.867      0.000    -65.700    -60.000     24.121     65.706      0.000    -65.700      0.000     0.0000     0.0000 
  87.000     23.966      0.000    -65.700    -60.000     23.657     67.200      0.000    -65.700      0.000     0.0000     0.0000 
  87.300     24.040      0.000    -65.700    -60.000     23.214     71.956      0.000    -65.700      0.000     0.0000     0.0000 
  87.600     24.115      0.000    -65.700    -60.000     22.795     84.910      0.000    -65.700      0.000     0.0000     0.0000 
  87.900     24.190      0.000    -65.700    -60.000     22.403     99.544      0.000    -65.700      0.000     0.0000     0.0000 
  88.200     24.264      0.000    -65.700    -60.000     22.033    110.471      0.000    -65.700      0.000     0.0000     0.0000 
  88.500     24.339      0.000    -65.700    -60.000     21.687    128.753      0.000    -65.700      0.000     0.0000     0.0000 
  88.800     24.414      0.000    -65.700    -60.000     21.366    153.464      0.000    -65.700      0.000     0.0000     0.0000 
  89.100     24.489      0.000    -65.700    -60.000     21.072    166.128      0.000    -65.700      0.000     0.0000     0.0000 
  89.400     24.549      0.000    -65.700    -60.000     20.800    174.770      0.000    -65.700      0.000     0.0000     0.0000 
  89.700     24.603      0.000    -65.700    -60.000     20.551    194.555      0.000    -65.700      0.000     0.0000     0.0000 
  90.000     24.656      0.000    -65.700    -60.000     20.329    206.393      0.000    -65.700      0.000     0.0000     0.0000 
  90.300     24.710      0.000    -65.700    -60.000     20.127    200.418      0.000    -65.700      0.000     0.0000     0.0000 
  90.600     24.763      0.000    -65.700    -60.000     19.948    199.489      0.000    -65.700      0.000     0.0000     0.0000 
  90.900     24.816      0.000    -65.700    -60.000     19.791    203.282      0.000    -65.700      0.000     0.0000     0.0000 
  91.200     24.870      0.000    -65.700    -60.000     19.659    190.621      0.000    -65.700      0.000     0.0000     0.0000 
  91.500     24.917      0.000    -65.700    -60.000     19.544    170.220      0.000    -65.700      0.000     0.0000     0.0000 
  91.800     24.950      0.000    -65.700    -60.000     19.450    160.716      0.000    -65.700      0.000     0.0000     0.0000 
  92.100     24.983      0.000    -65.700    -60.000     19.379    147.275      0.000    -65.700      0.000     0.0000     0.0000 
  92.400     25.016      0.000    -65.700    -60.000     19.324    124.869      0.000    -65.700      0.000     0.0000     0.0000 
  92.700     25.050      0.000    -65.700    -60.000     19.286    108.748      0.000    -65.700      0.000     0.0000     0.0000 
  93.000     25.083      0.000    -65.700    -60.000     19.269     98.324      0.000    -65.700      0.000     0.0000     0.0000 
  93.300     25.116      0.000    -65.700    -60.000     19.267     85.719      0.000    -65.700      0.000     0.0000     0.0000 
  93.600     25.150      0.000    -65.700    -60.000     19.279     76.441      0.000    -65.700      0.000     0.0000     0.0000 
  93.900     25.165      0.000    -65.700    -60.000     19.307     73.405      0.000    -65.700      0.000     0.0000     0.0000 
  94.200     25.180      0.000    -65.700    -60.000     19.353     72.479      0.000    -65.700      0.000     0.0000     0.0000 
  94.500     25.195      0.000    -65.700    -60.000     19.408     76.403      0.000    -65.700      0.000     0.0000     0.0000 
  94.800     25.210      0.000    -65.700    -60.000     19.477     86.267      0.000    -65.700      0.000     0.0000     0.0000 
  95.100     25.225      0.000    -65.700    -60.000     19.560     94.137      0.000    -65.700      0.000     0.0000     0.0000 
  95.400     25.240      0.000    -65.700    -60.000     19.652    105.758      0.000    -65.700      0.000     0.0000     0.0000 
  95.700     25.255      0.000    -65.700    -60.000     19.753    126.621      0.000    -65.700      0.000     0.0000     0.0000 
  96.000     25.259      0.000    -65.700    -60.000     19.867    142.300      0.000    -65.700      0.000     0.0000     0.0000 
  96.300     25.258      0.000    -65.700    -60.000     19.987    150.896      0.000    -65.700      0.000     0.0000     0.0000 
  96.600     25.257      0.000    -65.700    -60.000     20.114    168.949      0.000    -65.700      0.000     0.0000     0.0000 
  96.900     25.256      0.000    -65.700    -60.000     20.249    187.734      0.000    -65.700      0.000     0.0000     0.0000 
  97.200     25.255      0.000    -65.700    -60.000     20.393    189.984      0.000    -65.700      0.000     0.0000     0.0000 
  97.500     25.255      0.000    -65.700    -60.000     20.539    190.540      0.000    -65.700      0.000     0.0000     0.0000 
  97.800     25.254      0.000    -65.700    -60.000     20.690    200.822      0.000    -65.700      0.000     0.0000     0.0000 
  98.100     25.248      0.000    -65.700    -60.000     20.848    198.096      0.000    -65.700      0.000     0.0000     0.0000 
  98.400     25.234      0.000    -65.700    -60.000     21.007    182.554      0.000    -65.700      0.000     0.0000     0.0000 
  98.700     25.220      0.000    -65.700    -60.000     21.168    175.772      0.000    -65.700      0.000     0.0000     0.0000 
  99.000     25.206      0.000    -65.700    -60.000     21.334    169.267      0.000    -65.700      0.000     0.0000     0.0000 
  99.300     25.192      0.000    -65.700    -60.000     21.499    149.803      0.000    -65.700      0.000     0.0000     0.0000 
  99.600     25.178      0.000    -65.700    -60.000     21.664    131.701      0.000    -65.700      0.000     0.0000     0.0000 
  99.900     25.164      0.000    -65.700    -60.000     21.830    121.858      0.000    -65.700      0.000     0.0000     0.0000 
 100.200     25.150      0.000    -65.700    -60.000     21.997    108.795      0.000    -65.700      0.000     0.0000     0.0000 
 100.500     25.126      0.000    -65.700    -60.000     22.161     93.472      0.000    -65.700      0.000     0.0000     0.0000 
 100.800     25.102      0.000    -65.700    -60.000     22.324     86.255      0.000    -65.700      0.000     0.0000     0.0000 
 101.100     25.078      0.000    -65.700    -60.000     22.486     81.339      0.000    -65.700      0.000     0.0000     0.0000 
 101.400     25.054      0.000    -65.700    -60.000     22.645     78.045      0.000    -65.700      0.000     0.0000     0.0000 
 101.700     25.030      0.000    -65.700    -60.000     22.800     81.472      0.000    -65.700      0.000     0.0000     0.0000 
 102.000     25.006      0.000    -65.700    -60.000     22.952     86.350      0.000    -65.700      0.000     0.0000     0.0000 
 102.300     24.982      0.000    -65.700    -60.000     23.102     91.939      0.000    -65.700      0.000     0.0000     0.0000 
 102.600     24.953      0.000    -65.700    -60.000     23.246    106.052      0.000    -65.700      0.000     0.0000     0.0000 
 102.900     24.922      0.000    -65.700    -60.000     23.385    121.636      0.000    -65.700      0.000     0.0000     0.0000 
 103.200     24.890      0.000    -65.700    -60.000     23.522    130.296      0.000    -65.700      0.000     0.0000     0.0000 
 103.500     24.859      0.000    -65.700    -60.000     23.651    143.995      0.000    -65.700      0.000     0.0000     0.0000 
 103.800     24.828      0.000    -65.700    -60.000     23.776    164.940      0.000    -65.700      0.000     0.0000     0.0000 
 104.100     24.797      0.000    -65.700    -60.000     23.896    173.620      0.000    -65.700      0.000     0.0000     0.0000 
 104.400     24.766      0.000    -65.700    -60.000     24.010    176.022      0.000    -65.700      0.000     0.0000     0.0000 
 104.700     24.733      0.000    -65.700    -60.000     24.117    188.907      0.000    -65.700      0.000     0.0000     0.0000 
 105.000     24.698      0.000    -65.700    -60.000     24.218    196.025      0.000    -65.700      0.000     0.0000     0.0000 
 105.300     24.662      0.000    -65.700    -60.000     24.314    186.748      0.000    -65.700      0.000     0.0000     0.0000 
 105.600     24.627      0.000    -65.700    -60.000     24.403    181.637      0.000    -65.700      0.000     0.0000     0.0000 
 105.900     24.592      0.000    -65.700    -60.000     24.485    182.126      0.000    -65.700      0.000     0.0000     0.0000 
 106.200     24.556      0.000    -65.700    -60.000     24.561    169.617      0.000    -65.700      0.000     0.0000     0.0000 
 106.500     24.521      0.000    -65.700    -60.000     24.629    150.924      0.000    -65.700      0.000     0.0000     0.0000 
 106.800     24.486      0.000    -65.700    -60.000     24.690    142.394      0.000    -65.700      0.000     0.0000     0.0000 
 107.100     24.449      0.000    -65.700    -60.000     24.744    131.324      0.000    -65.700      0.000     0.0000     0.0000 
 107.400     24.412      0.000    -65.700    -60.000     24.790    113.882      0.000    -65.700      0.000     0.0000     0.0000 
 107.700     24.375      0.000    -65.700    -60.000     24.828    102.859      0.000    -65.700      0.000     0.0000     0.0000 
 108.000     24.338      0.000    -65.700    -60.000     24.858     96.356      0.000    -65.700      0.000     0.0000     0.0000 
 108.300     24.301      0.000    -65.700    -60.000     24.879     88.197      0.000    -65.700      0.000     0.0000     0.0000 
 108.600     24.264      0.000    -65.700    -60.000     24.893     84.615      0.000    -65.700      0.000     0.0000     0.0000 
 108.900     24.227      0.000    -65.700    -60.000     24.898     86.126      0.000    -65.700      0.000     0.0000     0.0000 
 109.200     24.191      0.000    -65.700    -60.000     24.894     87.464      0.000    -65.700      0.000     0.0000     0.0000 
 109.500     24.155      0.000    -65.700    -60.000     24.881     93.653      0.000    -65.700      0.000     0.0000     0.0000 
 109.800     24.118      0.000    -65.700    -60.000     24.860    106.147      0.000    -65.700      0.000     0.0000     0.0000 
 110.100     24.082      0.000    -65.700    -60.000     24.829    114.110      0.000    -65.700      0.000     0.0000     0.0000 
 110.400     24.046      0.000    -65.700    -60.000     24.789    123.294      0.000    -65.700      0.000     0.0000     0.0000 
 110.700     24.009      0.000    -65.700    -60.000     24.740    142.016      0.000    -65.700      0.000     0.0000     0.0000 
 111.000     23.973      0.000    -65.700    -60.000     24.684    155.435      0.000    -65.700      0.000     0.0000     0.0000 
 111.300     23.938      0.000    -65.700    -60.000     24.617    159.423      0.000    -65.700      0.000     0.0000     0.0000 
 111.600     23.904      0.000    -65.700    -60.000     24.541    171.477      0.000    -65.700      0.000     0.0000     0.0000 
 111.900     23.869      0.000    -65.700    -60.000     24.458    185.517      0.000    -65.700      0.000     0.0000     0.0000 
 112.200     23.835      0.000    -65.700    -60.000     24.366    184.039      0.000    -65.700      0.000     0.0000     0.0000 
 112.500     23.801      0.000    -65.700    -60.000     24.264    179.783      0.000    -65.700      0.000     0.0000     0.0000 
 112.800     23.767      0.000    -65.700    -60.000     24.157    185.343      0.000    -65.700      0.000     0.0000     0.0000 
 113.100     23.733      0.000    -65.700    -60.000     24.040    180.630      0.000    -65.700      0.000     0.0000     0.0000 
 113.400     23.699      0.000    -65.700    -60.000     23.916    164.891      0.000    -65.700      0.000     0.0000     0.0000 
 113.700     23.669      0.000    -65.700    -60.000     23.785    157.354      0.000    -65.700      0.000     0.0000     0.0000 
 114.000     23.638      0.000    -65.700    -60.000     23.649    151.077      0.000    -65.700      0.000     0.0000     0.0000 
 114.300     23.607      0.000    -65.700    -60.000     23.505    134.667      0.000    -65.700      0.000     0.0000     0.0000 
 114.600     23.577      0.000    -65.700    -60.000     23.355    120.481      0.000    -65.700      0.000     0.0000     0.0000 
 114.900     23.546      0.000    -65.700    -60.000     23.201    113.694      0.000    -65.700      0.000     0.0000     0.0000 
 115.200     23.515      0.000    -65.700    -60.000     23.040    104.274      0.000    -65.700      0.000     0.0000     0.0000 
 115.500     23.485      0.000    -65.700    -60.000     22.875     94.305      0.000    -65.700      0.000     0.0000     0.0000 
 115.800     23.457      0.000    -65.700    -60.000     22.705     92.013      0.000    -65.700      0.000     0.0000     0.0000 
 116.100     23.430      0.000    -65.700    -60.000     22.534     90.252      0.000    -65.700      0.000     0.0000     0.0000 
 116.400     23.403      0.000    -65.700    -60.000     22.357     89.922      0.000    -65.700      0.000     0.0000     0.0000 
 116.700     23.376      0.000    -65.700    -60.000     22.177     97.026      0.000    -65.700      0.000     0.0000     0.0000 
 117.000     23.350      0.000    -65.700    -60.000     21.996    103.930      0.000    -65.700      0.000     0.0000     0.0000 
 117.300     23.323      0.000    -65.700    -60.000     21.811    108.984      0.000    -65.700      0.000     0.0000     0.0000 
 117.600     23.296      0.000    -65.700    -60.000     21.625    122.426      0.000    -65.700      0.000     0.0000     0.0000 
 117.900     23.271      0.000    -65.700    -60.000     21.438    137.496      0.000    -65.700      0.000     0.0000     0.0000 
 118.200     23.248      0.000    -65.700    -60.000     21.249    143.504      0.000    -65.700      0.000     0.0000     0.0000 
 118.500     23.225      0.000    -65.700    -60.000     21.058    152.546      0.000    -65.700      0.000     0.0000     0.0000 
 118.800     23.202      0.000    -65.700    -60.000     20.867    169.472      0.000    -65.700      0.000     0.0000     0.0000 
 119.100     23.179      0.000    -65.700    -60.000     20.678    174.715      0.000    -65.700      0.000     0.0000     0.0000 
 119.400     23.157      0.000    -65.700    -60.000     20.487    172.531      0.000    -65.700      0.000     0.0000     0.0000 
 119.700     23.134      0.000    -65.700    -60.000     20.296    180.228      0.000    -65.700      0.000     0.0000     0.0000 
 120.000     23.111      0.000    -65.700    -60.000     20.107    183.983      0.000    -65.700      0.000     0.0000     0.0000 
 120.300     23.092      0.000    -65.700    -60.000     19.918    173.062      0.000    -65.700      0.000     0.0000     0.0000 
 120.600     23.073      0.000    -65.700    -60.000     19.730    165.877      0.000    -65.700      0.000     0.0000     0.0000 
 120.900     23.053      0.000    -65.700    -60.000     19.544    164.705      0.000    -65.700      0.000     0.0000     0.0000 
 121.200     23.034      0.000    -65.700    -60.000     19.358    153.155      0.000    -65.700      0.000     0.0000     0.0000 
 121.500     23.015      0.000    -65.700    -60.000     19.174    136.921      0.000    -65.700      0.000     0.0000     0.0000 
 121.800     22.996      0.000    -65.700    -60.000     18.992    130.209      0.000    -65.700      0.000     0.0000     0.0000 
 122.100     22.976      0.000    -65.700    -60.000     18.813    121.602      0.000    -65.700      0.000     0.0000     0.0000 
 122.400     22.959      0.000    -65.700    -60.000     18.635    108.513      0.000    -65.700      0.000     0.0000     0.0000 
 122.700     22.942      0.000    -65.700    -60.000     18.459    102.118      0.000    -65.700      0.000     0.0000     0.0000 
 123.000     22.926      0.000    -65.700    -60.000     18.287     99.003      0.000    -65.700      0.000     0.0000     0.0000 
 123.300     22.909      0.000    -65.700    -60.000     18.116     94.066      0.000    -65.700      0.000     0.0000     0.0000 
 123.600     22.893      0.000    -65.700    -60.000     17.948     94.635      0.000    -65.700      0.000     0.0000     0.0000 
 123.900     22.876      0.000    -65.700    -60.000     17.784     99.459      0.000    -65.700      0.000     0.0000     0.0000 
 124.200     22.860      0.000    -65.700    -60.000     17.621    101.854      0.000    -65.700      0.000     0.0000     0.0000 
 124.500     22.844      0.000    -65.700    -60.000     17.460    108.596      0.000    -65.700      0.000     0.0000     0.0000 
 124.800     22.829      0.000    -65.700    -60.000     17.303    122.061      0.000    -65.700      0.000     0.0000     0.0000 
 125.100     22.814      0.000    -65.700    -60.000     17.150    129.232      0.000    -65.700      0.000     0.0000     0.0000 
 125.400     22.800      0.000    -65.700    -60.000     16.999    135.429      0.000    -65.700      0.000     0.0000     0.0000 
 125.700     22.785      0.000    -65.700    -60.000     16.850    151.226      0.000    -65.700      0.000     0.0000     0.0000 
 126.000     22.770      0.000    -65.700    -60.000     16.707    162.113      0.000    -65.700      0.000     0.0000     0.0000 
 126.300     22.755      0.000    -65.700    -60.000     16.565    162.299      0.000    -65.700      0.000     0.0000     0.0000 
 126.600     22.740      0.000    -65.700    -60.000     16.425    169.438      0.000    -65.700      0.000     0.0000     0.0000 
 126.900     22.726      0.000    -65.700    -60.000     16.291    179.591      0.000    -65.700      0.000     0.0000     0.0000 
 127.200     22.712      0.000    -65.700    -60.000     16.158    175.630      0.000    -65.700      0.000     0.0000     0.0000 
 127.500     22.698      0.000    -65.700    -60.000     16.029    168.483      0.000    -65.700      0.000     0.0000     0.0000 
 127.800     22.683      0.000    -65.700    -60.000     15.902    171.055      0.000    -65.700      0.000     0.0000     0.0000 
 128.100     22.669      0.000    -65.700    -60.000     15.780    165.486      0.000    -65.700      0.000     0.0000     0.0000 
 128.400     22.655      0.000    -65.700    -60.000     15.660    150.626      0.000    -65.700      0.000     0.0000     0.0000 
 128.700     22.641      0.000    -65.700    -60.000     15.543    143.613      0.000    -65.700      0.000     0.0000     0.0000 
 129.000     22.626      0.000    -65.700    -60.000     15.430    138.292      0.000    -65.700      0.000     0.0000     0.0000 
 129.300     22.611      0.000    -65.700    -60.000     15.319    124.877      0.000    -65.700      0.000     0.0000     0.0000 
 129.600     22.596      0.000    -65.700    -60.000     15.211    114.536      0.000    -65.700      0.000     0.0000     0.0000 
 129.900     22.581      0.000    -65.700    -60.000     15.108    110.773      0.000    -65.700      0.000     0.0000     0.0000 
 130.200     22.566      0.000    -65.700    -60.000     15.006    104.314      0.000    -65.700      0.000     0.0000     0.0000 
 130.500     22.551      0.000    -65.700    -60.000     14.907     98.482      0.000    -65.700      0.000     0.0000     0.0000 
 130.800     22.536      0.000    -65.700    -60.000     14.810    100.110      0.000    -65.700      0.000     0.0000     0.0000 
 131.100     22.520      0.000    -65.700    -60.000     14.719    100.521      0.000    -65.700      0.000     0.0000     0.0000 
 131.400     22.503      0.000    -65.700    -60.000     14.628    101.692      0.000    -65.700      0.000     0.0000     0.0000 
 131.700     22.486      0.000    -65.700    -60.000     14.540    110.841      0.000    -65.700      0.000     0.0000     0.0000 
 132.000     22.469      0.000    -65.700    -60.000     14.457    118.639      0.000    -65.700      0.000     0.0000     0.0000 
 132.300     22.451      0.000    -65.700    -60.000     14.375    122.348      0.000    -65.700      0.000     0.0000     0.0000 
 132.600     22.434      0.000    -65.700    -60.000     14.295    134.051      0.000    -65.700      0.000     0.0000     0.0000 
 132.900     22.417      0.000    -65.700    -60.000     14.220    147.759      0.000    -65.700      0.000     0.0000     0.0000 
 133.200     22.400      0.000    -65.700    -60.000     14.146    151.186      0.000    -65.700      0.000     0.0000     0.0000 
 133.500     22.382      0.000    -65.700    -60.000     14.074    156.069      0.000    -65.700      0.000     0.0000     0.0000 
 133.800     22.365      0.000    -65.700    -60.000     14.004    169.286      0.000    -65.700      0.000     0.0000     0.0000 
 134.100     22.345      0.000    -65.700    -60.000     13.939    171.791      0.000    -65.700      0.000     0.0000     0.0000 
 134.400     22.324      0.000    -65.700    -60.000     13.874    166.472      0.000    -65.700      0.000     0.0000     0.0000 
 134.700     22.303      0.000    -65.700    -60.000     13.811    170.510      0.000    -65.700      0.000     0.0000     0.0000 
 135.000     22.281      0.000    -65.700    -60.000     13.753    172.038      0.000    -65.700      0.000     0.0000     0.0000 
 135.300     22.260      0.000    -65.700    -60.000     13.695    160.634      0.000    -65.700      0.000     0.0000     0.0000 
 135.600     22.238      0.000    -65.700    -60.000     13.639    152.848      0.000    -65.700      0.000     0.0000     0.0000 
 135.900     22.217      0.000    -65.700    -60.000     13.587    151.177      0.000    -65.700      0.000     0.0000     0.0000 
 136.200     22.196      0.000    -65.700    -60.000     13.535    141.031      0.000    -65.700      0.000     0.0000     0.0000 
 136.500     22.174      0.000    -65.700    -60.000     13.485    127.573      0.000    -65.700      0.000     0.0000     0.0000 
 136.800     22.153      0.000    -65.700    -60.000     13.437    123.113      0.000    -65.700      0.000     0.0000     0.0000 
 137.100     22.126      0.000    -65.700    -60.000     13.393    116.838      0.000    -65.700      0.000     0.0000     0.0000 
 137.400     22.100      0.000    -65.700    -60.000     13.348    107.338      0.000    -65.700      0.000     0.0000     0.0000 
 137.700     22.073      0.000    -65.700    -60.000     13.306    104.869      0.000    -65.700      0.000     0.0000     0.0000 
 138.000     22.046      0.000    -65.700    -60.000     13.267    104.488      0.000    -65.700      0.000     0.0000     0.0000 
 138.300     22.020      0.000    -65.700    -60.000     13.228    101.634      0.000    -65.700      0.000     0.0000     0.0000 
 138.600     21.993      0.000    -65.700    -60.000     13.190    104.887      0.000    -65.700      0.000     0.0000     0.0000 
 138.900     21.966      0.000    -65.700    -60.000     13.155    111.857      0.000    -65.700      0.000     0.0000     0.0000 
 139.200     21.940      0.000    -65.700    -60.000     13.121    114.409      0.000    -65.700      0.000     0.0000     0.0000 
 139.500     21.913      0.000    -65.700    -60.000     13.088    120.536      0.000    -65.700      0.000     0.0000     0.0000 
 139.800     21.885      0.000    -65.700    -60.000     13.056    133.804      0.000    -65.700      0.000     0.0000     0.0000 
 140.100     21.852      0.000    -65.700    -60.000     13.028    139.710      0.000    -65.700      0.000     0.0000     0.0000 
 140.400     21.820      0.000    -65.700    -60.000     12.999    142.915      0.000    -65.700      0.000     0.0000     0.0000 
 140.700     21.787      0.000    -65.700    -60.000     12.971    155.638      0.000    -65.700      0.000     0.0000     0.0000 
 141.000     21.755      0.000    -65.700    -60.000     12.946    164.102      0.000    -65.700      0.000     0.0000     0.0000 
 141.300     21.722      0.000    -65.700    -60.000     12.921    161.374      0.000    -65.700      0.000     0.0000     0.0000 
 141.600     21.690      0.000    -65.700    -60.000     12.896    164.758      0.000    -65.700      0.000     0.0000     0.0000 
 141.900     21.657      0.000    -65.700    -60.000     12.875    171.936      0.000    -65.700      0.000     0.0000     0.0000 
 142.200     21.625      0.000    -65.700    -60.000     12.853    166.494      0.000    -65.700      0.000     0.0000     0.0000 
 142.500     21.592      0.000    -65.700    -60.000     12.832    157.898      0.000    -65.700      0.000     0.0000     0.0000 
 142.800     21.556      0.000    -65.700    -60.000     12.811    158.822      0.000    -65.700      0.000     0.0000     0.0000 
 143.100     21.518      0.000    -65.700    -60.000     12.794    153.183      0.000    -65.700      0.000     0.0000     0.0000 
 143.400     21.480      0.000    -65.700    -60.000     12.776    139.821      0.000    -65.700      0.000     0.0000     0.0000 
 143.700     21.441      0.000    -65.700    -60.000     12.758    134.119      0.000    -65.700      0.000     0.0000     0.0000 
 144.000     21.403      0.000    -65.700    -60.000     12.743    130.149      0.000    -65.700      0.000     0.0000     0.0000 
 144.300     21.365      0.000    -65.700    -60.000     12.727    119.443      0.000    -65.700      0.000     0.0000     0.0000 
 144.600     21.327      0.000    -65.700    -60.000     12.712    112.586      0.000    -65.700      0.000     0.0000     0.0000 
 144.900     21.289      0.000    -65.700    -60.000     12.699    111.574      0.000    -65.700      0.000     0.0000     0.0000 
 145.200     21.250      0.000    -65.700    -60.000     12.685    107.352      0.000    -65.700      0.000     0.0000     0.0000 
 145.500     21.212      0.000    -65.700    -60.000     12.673    104.453      0.000    -65.700      0.000     0.0000     0.0000 
 145.800     21.169      0.000    -65.700    -60.000     12.660    108.954      0.000    -65.700      0.000     0.0000     0.0000 
 146.100     21.126      0.000    -65.700    -60.000     12.650    110.676      0.000    -65.700      0.000     0.0000     0.0000 
 146.400     21.082      0.000    -65.700    -60.000     12.639    112.234      0.000    -65.700      0.000     0.0000     0.0000 
 146.700     21.039      0.000    -65.700    -60.000     12.628    122.153      0.000    -65.700      0.000     0.0000     0.0000 
 147.000     20.996      0.000    -65.700    -60.000     12.619    130.022      0.000    -65.700      0.000     0.0000     0.0000 
 147.300     20.953      0.000    -65.700    -60.000     12.610    132.016      0.000    -65.700      0.000     0.0000     0.0000 
 147.600     20.909      0.000    -65.700    -60.000     12.600    141.502      0.000    -65.700      0.000     0.0000     0.0000 
 147.900     20.866      0.000    -65.700    -60.000     12.593    153.468      0.000    -65.700      0.000     0.0000     0.0000 
 148.200     20.823      0.000    -65.700    -60.000     12.585    154.625      0.000    -65.700      0.000     0.0000     0.0000 
 148.500     20.778      0.000    -65.700    -60.000     12.577    156.086      0.000    -65.700      0.000     0.0000     0.0000 
 148.800     20.731      0.000    -65.700    -60.000     12.570    166.168      0.000    -65.700      0.000     0.0000     0.0000 
 149.100     20.684      0.000    -65.700    -60.000     12.564    166.640      0.000    -65.700      0.000     0.0000     0.0000 
 149.400     20.637      0.000    -65.700    -60.000     12.557    159.380      0.000    -65.700      0.000     0.0000     0.0000 
 149.700     20.590      0.000    -65.700    -60.000     12.551    161.049      0.000    -65.700      0.000     0.0000     0.0000 
 150.000     20.543      0.000    -65.700    -60.000     12.546    161.267      0.000    -65.700      0.000     0.0000     0.0000 
 150.300     20.496      0.000    -65.700    -60.000     12.540    150.158      0.000    -65.700      0.000     0.0000     0.0000 
 150.600     20.449      0.000    -65.700    -60.000     12.535    142.761      0.000    -65.700      0.000     0.0000     0.0000 
 150.900     20.402      0.000    -65.700    -60.000     12.531    141.377      0.000    -65.700      0.000     0.0000     0.0000 
 151.200     20.355      0.000    -65.700    -60.000     12.526    132.802      0.000    -65.700      0.000     0.0000     0.0000 
 151.500     20.306      0.000    -65.700    -60.000     12.521    122.092      0.000    -65.700      0.000     0.0000     0.0000 
 151.800     20.257      0.000    -65.700    -60.000     12.517    119.981      0.000    -65.700      0.000     0.0000     0.0000 
 152.100     20.207      0.000    -65.700    -60.000     12.514    115.746      0.000    -65.700      0.000     0.0000     0.0000 
 152.400     20.158      0.000    -65.700    -60.000     12.510    109.001      0.000    -65.700      0.000     0.0000     0.0000 
 152.700     20.108      0.000    -65.700    -60.000     12.506    109.633      0.000    -65.700      0.000     0.0000     0.0000 
 153.000     20.059      0.000    -65.700    -60.000     12.503    111.300      0.000    -65.700      0.000     0.0000     0.0000 
 153.300     20.009      0.000    -65.700    -60.000     12.500    109.578      0.000    -65.700      0.000     0.0000     0.0000 
 153.600     19.960      0.000    -65.700    -60.000     12.497    114.289      0.000    -65.700      0.000     0.0000     0.0000 
 153.900     19.911      0.000    -65.700    -60.000     12.495    122.429      0.000    -65.700      0.000     0.0000     0.0000 
 154.200     19.861      0.000    -65.700    -60.000     12.492    124.544      0.000    -65.700      0.000     0.0000     0.0000 
 154.500     19.811      0.000    -65.700    -60.000     12.489    129.375      0.000    -65.700      0.000     0.0000     0.0000 
 154.800     19.761      0.000    -65.700    -60.000     12.486    141.727      0.000    -65.700      0.000     0.0000     0.0000 
 155.100     19.711      0.000    -65.700    -60.000     12.485    146.199      0.000    -65.700      0.000     0.0000     0.0000 
 155.400     19.661      0.000    -65.700    -60.000     12.483    146.720      0.000    -65.700      0.000     0.0000     0.0000 
 155.700     19.611      0.000    -65.700    -60.000     12.480    156.591      0.000    -65.700      0.000     0.0000     0.0000 
 156.000     19.561      0.000    -65.700    -60.000     12.479    162.948      0.000    -65.700      0.000     0.0000     0.0000 
 156.300     19.511      0.000    -65.700    -60.000     12.477    158.144      0.000    -65.700      0.000     0.0000     0.0000 
 156.600     19.461      0.000    -65.700    -60.000     12.475    158.858      0.000    -65.700      0.000     0.0000     0.0000 
 156.900     19.411      0.000    -65.700    -60.000     12.474    163.916      0.000    -65.700      0.000     0.0000     0.0000 
 157.200     19.361      0.000    -65.700    -60.000     12.472    157.762      0.000    -65.700      0.000     0.0000     0.0000 
 157.500     19.312      0.000    -65.700    -60.000     12.470    148.762      0.000    -65.700      0.000     0.0000     0.0000 
 157.800     19.263      0.000    -65.700    -60.000     12.468    149.035      0.000    -65.700      0.000     0.0000     0.0000 
 158.100     19.214      0.000    -65.700    -60.000     12.468    143.834      0.000    -65.700      0.000     0.0000     0.0000 
 158.400     19.165      0.000    -65.700    -60.000     12.466    132.237      0.000    -65.700      0.000     0.0000     0.0000 
 158.700     19.116      0.000    -65.700    -60.000     12.464    128.245      0.000    -65.700      0.000     0.0000     0.0000 
 159.000     19.067      0.000    -65.700    -60.000     12.462    125.763      0.000    -65.700      0.000     0.0000     0.0000 
 159.300     19.018      0.000    -65.700    -60.000     12.460    117.334      0.000    -65.700      0.000     0.0000     0.0000 
 159.600     18.970      0.000    -65.700    -60.000     12.457    113.407      0.000    -65.700      0.000     0.0000     0.0000 
 159.900     18.921      0.000    -65.700    -60.000     12.454    114.714      0.000    -65.700      0.000     0.0000     0.0000 
 160.200     18.874      0.000    -65.700    -60.000     12.451    112.047      0.000    -65.700      0.000     0.0000     0.0000 
 160.500     18.827      0.000    -65.700    -60.000     12.447    111.011      0.000    -65.700      0.000     0.0000     0.0000 
 160.800     18.781      0.000    -65.700    -60.000     12.443    117.423      0.000    -65.700      0.000     0.0000     0.0000 
 161.100     18.735      0.000    -65.700    -60.000     12.438    119.769      0.000    -65.700      0.000     0.0000     0.0000 
 161.400     18.689      0.000    -65.700    -60.000     12.433    120.961      0.000    -65.700      0.000     0.0000     0.0000 
 161.700     18.643      0.000    -65.700    -60.000     12.427    130.754      0.000    -65.700      0.000     0.0000     0.0000 
 162.000     18.596      0.000    -65.700    -60.000     12.420    138.162      0.000    -65.700      0.000     0.0000     0.0000 
 162.300     18.550      0.000    -65.700    -60.000     12.413    138.380      0.000    -65.700      0.000     0.0000     0.0000 
 162.600     18.504      0.000    -65.700    -60.000     12.405    145.574      0.000    -65.700      0.000     0.0000     0.0000 
 162.900     18.458      0.000    -65.700    -60.000     12.396    155.734      0.000    -65.700      0.000     0.0000     0.0000 
 163.200     18.416      0.000    -65.700    -60.000     12.387    155.042      0.000    -65.700      0.000     0.0000     0.0000 
 163.500     18.374      0.000    -65.700    -60.000     12.376    153.881      0.000    -65.700      0.000     0.0000     0.0000 
 163.800     18.332      0.000    -65.700    -60.000     12.365    161.494      0.000    -65.700      0.000     0.0000     0.0000 
 164.100     18.290      0.000    -65.700    -60.000     12.353    160.572      0.000    -65.700      0.000     0.0000     0.0000 
 164.400     18.248      0.000    -65.700    -60.000     12.340    152.309      0.000    -65.700      0.000     0.0000     0.0000 
 164.700     18.206      0.000    -65.700    -60.000     12.326    152.643      0.000    -65.700      0.000     0.0000     0.0000 
 165.000     18.164      0.000    -65.700    -60.000     12.312    152.255      0.000    -65.700      0.000     0.0000     0.0000 
 165.300     18.122      0.000    -65.700    -60.000     12.296    141.911      0.000    -65.700      0.000     0.0000     0.0000 
 165.600     18.080      0.000    -65.700    -60.000     12.280    135.504      0.000    -65.700      0.000     0.0000     0.0000 
 165.900     18.039      0.000    -65.700    -60.000     12.263    134.890      0.000    -65.700      0.000     0.0000     0.0000 
 166.200     18.003      0.000    -65.700    -60.000     12.246    127.848      0.000    -65.700      0.000     0.0000     0.0000 
 166.500     17.966      0.000    -65.700    -60.000     12.227    119.620      0.000    -65.700      0.000     0.0000     0.0000 
 166.800     17.929      0.000    -65.700    -60.000     12.207    119.705      0.000    -65.700      0.000     0.0000     0.0000 
 167.100     17.892      0.000    -65.700    -60.000     12.187    117.130      0.000    -65.700      0.000     0.0000     0.0000 
 167.400     17.856      0.000    -65.700    -60.000     12.166    112.339      0.000    -65.700      0.000     0.0000     0.0000 
 167.700     17.819      0.000    -65.700    -60.000     12.144    115.239      0.000    -65.700      0.000     0.0000     0.0000 
 168.000     17.782      0.000    -65.700    -60.000     12.122    118.312      0.000    -65.700      0.000     0.0000     0.0000 
 168.300     17.745      0.000    -65.700    -60.000     12.098    116.999      0.000    -65.700      0.000     0.0000     0.0000 
 168.600     17.709      0.000    -65.700    -60.000     12.074    122.233      0.000    -65.700      0.000     0.0000     0.0000 
 168.900     17.676      0.000    -65.700    -60.000     12.050    130.801      0.000    -65.700      0.000     0.0000     0.0000 
 169.200     17.645      0.000    -65.700    -60.000     12.025    132.142      0.000    -65.700      0.000     0.0000     0.0000 
 169.500     17.615      0.000    -65.700    -60.000     11.998    135.376      0.000    -65.700      0.000     0.0000     0.0000 
 169.800     17.584      0.000    -65.700    -60.000     11.971    146.448      0.000    -65.700      0.000     0.0000     0.0000 
 170.100     17.553      0.000    -65.700    -60.000     11.945    149.521      0.000    -65.700      0.000     0.0000     0.0000 
 170.400     17.523      0.000    -65.700    -60.000     11.917    147.814      0.000    -65.700      0.000     0.0000     0.0000 
 170.700     17.492      0.000    -65.700    -60.000     11.889    155.257      0.000    -65.700      0.000     0.0000     0.0000 
 171.000     17.461      0.000    -65.700    -60.000     11.861    159.909      0.000    -65.700      0.000     0.0000     0.0000 
 171.300     17.431      0.000    -65.700    -60.000     11.831    153.760      0.000    -65.700      0.000     0.0000     0.0000 
 171.600     17.400      0.000    -65.700    -60.000     11.801    152.745      0.000    -65.700      0.000     0.0000     0.0000 
 171.900     17.376      0.000    -65.700    -60.000     11.772    156.425      0.000    -65.700      0.000     0.0000     0.0000 
 172.200     17.352      0.000    -65.700    -60.000     11.741    150.116      0.000    -65.700      0.000     0.0000     0.0000 
 172.500     17.328      0.000    -65.700    -60.000     11.710    141.415      0.000    -65.700      0.000     0.0000     0.0000 
 172.800     17.303      0.000    -65.700    -60.000     11.679    141.736      0.000    -65.700      0.000     0.0000     0.0000 
 173.100     17.279      0.000    -65.700    -60.000     11.648    137.259      0.000    -65.700      0.000     0.0000     0.0000 
 173.400     17.255      0.000    -65.700    -60.000     11.616    127.436      0.000    -65.700      0.000     0.0000     0.0000 
 173.700     17.231      0.000    -65.700    -60.000     11.584    125.252      0.000    -65.700      0.000     0.0000     0.0000 
 174.000     17.207      0.000    -65.700    -60.000     11.552    124.210      0.000    -65.700      0.000     0.0000     0.0000 
 174.300     17.183      0.000    -65.700    -60.000     11.519    117.565      0.000    -65.700      0.000     0.0000     0.0000 
 174.600     17.161      0.000    -65.700    -60.000     11.486    115.934      0.000    -65.700      0.000     0.0000     0.0000 
 174.900     17.143      0.000    -65.700    -60.000     11.454    119.062      0.000    -65.700      0.000     0.0000     0.0000 
 175.200     17.126      0.000    -65.700    -60.000     11.420    117.357      0.000    -65.700      0.000     0.0000     0.0000 
 175.500     17.108      0.000    -65.700    -60.000     11.387    117.316      0.000    -65.700      0.000     0.0000     0.0000 
 175.800     17.091      0.000    -65.700    -60.000     11.354    124.833      0.000    -65.700      0.000     0.0000     0.0000 
 176.100     17.073      0.000    -65.700    -60.000     11.320    127.301      0.000    -65.700      0.000     0.0000     0.0000 
 176.400     17.055      0.000    -65.700    -60.000     11.286    127.681      0.000    -65.700      0.000     0.0000     0.0000 
 176.700     17.038      0.000    -65.700    -60.000     11.252    136.789      0.000    -65.700      0.000     0.0000     0.0000 
 177.000     17.020      0.000    -65.700    -60.000     11.218    143.442      0.000    -65.700      0.000     0.0000     0.0000 
 177.300     17.003      0.000    -65.700    -60.000     11.184    142.021      0.000    -65.700      0.000     0.0000     0.0000 
 177.600     16.989      0.000    -65.700    -60.000     11.150    147.101      0.000    -65.700      0.000     0.0000     0.0000 
 177.900     16.978      0.000    -65.700    -60.000     11.116    155.592      0.000    -65.700      0.000     0.0000     0.0000 
 178.200     16.967      0.000    -65.700    -60.000     11.082    153.496      0.000    -65.700      0.000     0.0000     0.0000 
 178.500     16.956      0.000    -65.700    -60.000     11.047    150.472      0.000    -65.700      0.000     0.0000     0.0000 
 178.800     16.945      0.000    -65.700    -60.000     11.014    156.273      0.000    -65.700      0.000     0.0000     0.0000 
 179.100     16.934      0.000    -65.700    -60.000     10.979    154.499      0.000    -65.700      0.000     0.0000     0.0000 
 179.400     16.922      0.000    -65.700    -60.000     10.945    145.923      0.000    -65.700      0.000     0.0000     0.0000 
 179.700     16.911      0.000    -65.700    -60.000     10.911    145.709      0.000    -65.700      0.000     0.0000     0.0000 
 180.000     16.900      0.000    -65.700    -60.000     10.877    145.220      0.000    -65.700      0.000     0.0000     0.0000 
 180.300     16.889      0.000    -65.700    -60.000     10.842    135.871      0.000    -65.700      0.000     0.0000     0.0000 
 180.600     16.884      0.000    -65.700    -60.000     10.808    130.749      0.000    -65.700      0.000     0.0000     0.0000 
 180.900     16.879      0.000    -65.700    -60.000     10.774    131.142      0.000    -65.700      0.000     0.0000     0.0000 
 181.200     16.873      0.000    -65.700    -60.000     10.740    125.467      0.000    -65.700      0.000     0.0000     0.0000 
 181.500     16.868      0.000    -65.700    -60.000     10.706    119.314      0.000    -65.700      0.000     0.0000     0.0000 
 181.800     16.863      0.000    -65.700    -60.000     10.673    121.291      0.000    -65.700      0.000     0.0000     0.0000 
 182.100     16.858      0.000    -65.700    -60.000     10.639    119.974      0.000    -65.700      0.000     0.0000     0.0000 
 182.400     16.852      0.000    -65.700    -60.000     10.605    116.433      0.000    -65.700      0.000     0.0000     0.0000 
 182.700     16.847      0.000    -65.700    -60.000     10.572    120.846      0.000    -65.700      0.000     0.0000     0.0000 
 183.000     16.842      0.000    -65.700    -60.000     10.538    124.777      0.000    -65.700      0.000     0.0000     0.0000 
 183.300     16.838      0.000    -65.700    -60.000     10.504    123.369      0.000    -65.700      0.000     0.0000     0.0000 
 183.600     16.838      0.000    -65.700    -60.000     10.472    128.477      0.000    -65.700      0.000     0.0000     0.0000 
 183.900     16.839      0.000    -65.700    -60.000     10.438    136.957      0.000    -65.700      0.000     0.0000     0.0000 
 184.200     16.839      0.000    -65.700    -60.000     10.405    137.385      0.000    -65.700      0.000     0.0000     0.0000 
 184.500     16.839      0.000    -65.700    -60.000     10.373    138.986      0.000    -65.700      0.000     0.0000     0.0000 
 184.800     16.839      0.000    -65.700    -60.000     10.340    148.672      0.000    -65.700      0.000     0.0000     0.0000 
 185.100     16.839      0.000    -65.700    -60.000     10.307    150.504      0.000    -65.700      0.000     0.0000     0.0000 
 185.400     16.839      0.000    -65.700    -60.000     10.274    147.076      0.000    -65.700      0.000     0.0000     0.0000 
 185.700     16.839      0.000    -65.700    -60.000     10.243    152.591      0.000    -65.700      0.000     0.0000     0.0000 
 186.000     16.839      0.000    -65.700    -60.000     10.210    155.961      0.000    -65.700      0.000     0.0000     0.0000 
 186.300     16.842      0.000    -65.700    -60.000     10.178    149.058      0.000    -65.700      0.000     0.0000     0.0000 
 186.600     16.846      0.000    -65.700    -60.000     10.146    147.077      0.000    -65.700      0.000     0.0000     0.0000 
 186.900     16.851      0.000    -65.700    -60.000     10.114    149.983      0.000    -65.700      0.000     0.0000     0.0000 
 187.200     16.855      0.000    -65.700    -60.000     10.083    143.889      0.000    -65.700      0.000     0.0000     0.0000 
 187.500     16.860      0.000    -65.700    -60.000     10.052    135.910      0.000    -65.700      0.000     0.0000     0.0000 
 187.800     16.864      0.000    -65.700    -60.000     10.020    136.723      0.000    -65.700      0.000     0.0000     0.0000 
 188.100     16.869      0.000    -65.700    -60.000      9.989    133.085      0.000    -65.700      0.000     0.0000     0.0000 
 188.400     16.873      0.000    -65.700    -60.000      9.958    124.875      0.000    -65.700      0.000     0.0000     0.0000 
 188.700     16.878      0.000    -65.700    -60.000      9.928    124.394      0.000    -65.700      0.000     0.0000     0.0000 
 189.000     16.883      0.000    -65.700    -60.000      9.897    124.623      0.000    -65.700      0.000     0.0000     0.0000 
 189.300     16.891      0.000    -65.700    -60.000      9.866    119.275      0.000    -65.700      0.000     0.0000     0.0000 
 189.600     16.899      0.000    -65.700    -60.000      9.837    119.313      0.000    -65.700      0.000     0.0000     0.0000 
 189.900     16.907      0.000    -65.700    -60.000      9.806    123.766      0.000    -65.700      0.000     0.0000     0.0000 
 190.200     16.915      0.000    -65.700    -60.000      9.776    122.554      0.000    -65.700      0.000     0.0000     0.0000 
 190.500     16.923      0.000    -65.700    -60.000      9.747    122.852      0.000    -65.700      0.000     0.0000     0.0000 
 190.800     16.931      0.000    -65.700    -60.000      9.717    130.850      0.000    -65.700      0.000     0.0000     0.0000 
 191.100     16.939      0.000    -65.700    -60.000      9.688    133.109      0.000    -65.700      0.000     0.0000     0.0000 
 191.400     16.947      0.000    -65.700    -60.000      9.659    132.470      0.000    -65.700      0.000     0.0000     0.0000 
 191.700     16.955      0.000    -65.700    -60.000      9.630    140.605      0.000    -65.700      0.000     0.0000     0.0000 
 192.000     16.965      0.000    -65.700    -60.000      9.601    146.388      0.000    -65.700      0.000     0.0000     0.0000 
 192.300     16.976      0.000    -65.700    -60.000      9.573    143.573      0.000    -65.700      0.000     0.0000     0.0000 
 192.600     16.987      0.000    -65.700    -60.000      9.544    146.857      0.000    -65.700      0.000     0.0000     0.0000 
 192.900     16.997      0.000    -65.700    -60.000      9.516    153.926      0.000    -65.700      0.000     0.0000     0.0000 
 193.200     17.008      0.000    -65.700    -60.000      9.487    150.846      0.000    -65.700      0.000     0.0000     0.0000 
 193.500     17.019      0.000    -65.700    -60.000      9.460    146.621      0.000    -65.700      0.000     0.0000     0.0000 
 193.800     17.029      0.000    -65.700    -60.000      9.432    151.203      0.000    -65.700      0.000     0.0000     0.0000 
 194.100     17.040      0.000    -65.700    -60.000      9.404    149.000      0.000    -65.700      0.000     0.0000     0.0000 
 194.400     17.050      0.000    -65.700    -60.000      9.378    140.584      0.000    -65.700      0.000     0.0000     0.0000 
 194.700     17.063      0.000    -65.700    -60.000      9.350    140.376      0.000    -65.700      0.000     0.0000     0.0000 
 195.000     17.075      0.000    -65.700    -60.000      9.323    140.119      0.000    -65.700      0.000     0.0000     0.0000 
 195.300     17.088      0.000    -65.700    -60.000      9.297    131.819      0.000    -65.700      0.000     0.0000     0.0000 
 195.600     17.100      0.000    -65.700    -60.000      9.270    128.050      0.000    -65.700      0.000     0.0000     0.0000 
 195.900     17.113      0.000    -65.700    -60.000      9.243    129.508      0.000    -65.700      0.000     0.0000     0.0000 
 196.200     17.125      0.000    -65.700    -60.000      9.218    124.962      0.000    -65.700      0.000     0.0000     0.0000 
 196.500     17.138      0.000    -65.700    -60.000      9.192    120.426      0.000    -65.700      0.000     0.0000     0.0000 
 196.800     17.150      0.000    -65.700    -60.000      9.165    123.919      0.000    -65.700      0.000     0.0000     0.0000 
 197.100     17.163      0.000    -65.700    -60.000      9.139    123.482      0.000    -65.700      0.000     0.0000     0.0000 
 197.400     17.176      0.000    -65.700    -60.000      9.115    120.619      0.000    -65.700      0.000     0.0000     0.0000 
 197.700     17.190      0.000    -65.700    -60.000      9.089    125.917      0.000    -65.700      0.000     0.0000     0.0000 
 198.000     17.204      0.000    -65.700    -60.000      9.064    130.271      0.000    -65.700      0.000     0.0000     0.0000 
 198.300     17.217      0.000    -65.700    -60.000      9.039    128.455      0.000    -65.700      0.000     0.0000     0.0000 
 198.600     17.231      0.000    -65.700    -60.000      9.014    133.035      0.000    -65.700      0.000     0.0000     0.0000 
 198.900     17.244      0.000    -65.700    -60.000      8.990    141.105      0.000    -65.700      0.000     0.0000     0.0000 
 199.200     17.258      0.000    -65.700    -60.000      8.966    140.620      0.000    -65.700      0.000     0.0000     0.0000 
 199.500     17.271      0.000    -65.700    -60.000      8.942    140.722      0.000    -65.700      0.000     0.0000     0.0000 
 199.800     17.285      0.000    -65.700    -60.000      8.917    149.088      0.000    -65.700      0.000     0.0000     0.0000 