
   0.300      0.002      0.000    -65.700    -60.000      0.003      0.045      0.000    -65.700      0.000     0.0000     0.0000 
   0.600      0.004      0.000    -65.700    -60.000      0.007      0.839      0.000    -65.700      0.000     0.0000     0.0000 
   0.900      0.006      0.000    -65.700    -60.000      0.016      9.057      0.000    -65.700      0.000     0.0000     0.0000 
   1.200      0.008      0.000    -65.700    -60.000      0.036     54.985      0.000    -65.700      0.000     0.0000     0.0000 
   1.500      0.010      0.000    -65.700    -60.000      0.075    205.865      0.000    -65.700      0.000     0.0000     0.0000 
   1.800      0.012      0.000    -65.700    -60.000      0.150    495.635      0.000    -65.700      0.000     0.0000     0.0000 
   2.100      0.013      0.000    -65.700    -60.000      0.288    787.830      0.000    -65.700      0.000     0.0000     0.0000 
   2.400      0.013      0.000    -65.700    -60.000      0.535    834.535      0.000    -65.700      0.000     0.0000     0.0000 
   2.700      0.014      0.000    -65.700    -60.000      1.006    585.647      0.000    -65.700      0.000     0.0000     0.0000 
   3.000      0.015      0.000    -65.700    -60.000      1.694    267.148      0.000    -65.700      0.000     0.0000     0.0000 
   3.300      0.016      0.000    -65.700    -60.000      2.744     76.938      0.000    -65.700      0.000     0.0000     0.0000 
   3.600      0.016      0.000    -65.700    -60.000      4.283     13.412      0.000    -65.700      0.000     0.0000     0.0000 
   3.900      0.018      0.000    -65.700    -60.000      6.458      1.340      0.000    -65.700      0.000     0.0000     0.0000 
   4.200      0.019      0.000    -65.700    -60.000      9.423      0.073      0.000    -65.700      0.000     0.0000     0.0000 
   4.500      0.021      0.000    -65.700    -60.000     13.330      0.002      0.000    -65.700      0.000     0.0000     0.0000 
   4.800      0.022      0.000    -65.700    -60.000     18.312      0.000      0.000    -65.700      0.000     0.0000     0.0000 
   5.100      0.023      0.000    -65.700    -60.000     24.465      0.000      0.000    -65.700      0.000     0.0000     0.0000 
   5.400      0.025      0.000    -65.700    -60.000     31.836      0.000      0.000    -65.700      0.000     0.0000     0.0000 
   5.700      0.028      0.000    -65.700    -60.000     40.405      0.000      0.000    -65.700      0.000     0.0000     0.0000 
   6.000      0.031      0.000    -65.700    -60.000     50.074      0.000      0.000    -65.700      0.000     0.0000     0.0000 
   6.300      0.034      0.000    -65.700    -60.000     60.668      0.001      0.000    -65.700      0.000     0.0000     0.0000 
   6.600      0.037      0.000    -65.700    -60.000     71.939      0.024      0.000    -65.700      0.000     0.0000     0.0000 
   6.900      0.040      0.000    -65.700    -60.000     83.571      0.247      0.000    -65.700      0.000     0.0000     0.0000 
   7.200      0.045      0.000    -65.700    -60.000     95.205      1.176      0.000    -65.700      0.000     0.0000     0.0000 
   7.500      0.051      0.000    -65.700    -60.000    106.459      3.562      0.000    -65.700      0.000     0.0000     0.0000 
   7.800      0.057      0.000    -65.700    -60.000    116.946     12.652      0.000    -65.700      0.000     0.0000     0.0000 
   8.100      0.064      0.000    -65.700    -60.000    126.312     51.817      0.000    -65.700      0.000     0.0000     0.0000 
   8.400      0.070      0.000    -65.700    -60.000    134.241    149.536      0.000    -65.700      0.000     0.0000     0.0000 
   8.700      0.076      0.000    -65.700    -60.000    140.494    278.572      0.000    -65.700      0.000     0.0000     0.0000 
   9.000      0.089      0.000    -65.700    -60.000    144.894    368.478      0.000    -65.700      0.000     0.0000     0.0000 
   9.300      0.103      0.000    -65.700    -60.000    147.358    423.288      0.000    -65.700      0.000     0.0000     0.0000 
   9.600      0.117      0.000    -65.700    -60.000    147.884    500.005      0.000    -65.700      0.000     0.0000     0.0000 
   9.900      0.131      0.000    -65.700    -60.000    146.540    550.363      0.000    -65.700      0.000     0.0000     0.0000 
  10.200      0.145      0.000    -65.700    -60.000    143.464    472.536      0.000    -65.700      0.000     0.0000     0.0000 
  10.500      0.159      0.000    -65.700    -60.000    138.845    292.391      0.000    -65.700      0.000     0.0000     0.0000 
  10.800      0.189      0.000    -65.700    -60.000    132.911    136.845      0.000    -65.700      0.000     0.0000     0.0000 
  11.100      0.219      0.000    -65.700    -60.000    125.913     55.768      0.000    -65.700      0.000     0.0000     0.0000 
  11.400      0.249      0.000    -65.700    -60.000    118.106     22.383      0.000    -65.700      0.000     0.0000     0.0000 
  11.700      0.279      0.000    -65.700    -60.000    109.741      8.455      0.000    -65.700      0.000     0.0000     0.0000 
  12.000      0.309      0.000    -65.700    -60.000    101.060      2.547      0.000    -65.700      0.000     0.0000     0.0000 
  12.300      0.344      0.000    -65.700    -60.000     92.279      0.543      0.000    -65.700      0.000     0.0000     0.0000 
  12.600      0.405      0.000    -65.700    -60.000     83.576      0.058      0.000    -65.700      0.000     0.0000     0.0000 
  12.900      0.466      0.000    -65.700    -60.000     75.123      0.011      0.000    -65.700      0.000     0.0000     0.0000 
  13.200      0.527      0.000    -65.700    -60.000     67.024      0.033      0.000    -65.700      0.000     0.0000     0.0000 
  13.500      0.588      0.000    -65.700    -60.000     59.394      0.104      0.000    -65.700      0.000     0.0000     0.0000 
  13.800      0.649      0.000    -65.700    -60.000     52.286      0.425      0.000    -65.700      0.000     0.0000     0.0000 
  14.100      0.728      0.000    -65.700    -60.000     45.740      1.885      0.000    -65.700      0.000     0.0000     0.0000 
  14.400      0.845      0.000    -65.700    -60.000     39.782      5.645      0.000    -65.700      0.000     0.0000     0.0000 
  14.700      0.962      0.000    -65.700    -60.000     34.410     12.517      0.000    -65.700      0.000     0.0000     0.0000 
  15.000      1.079      0.000    -65.700    -60.000     29.608     30.413      0.000    -65.700      0.000     0.0000     0.0000 
  15.300      1.196      0.000    -65.700    -60.000     25.345     79.173      0.000    -65.700      0.000     0.0000     0.0000 
  15.600      1.313      0.000    -65.700    -60.000     21.595    159.041      0.000    -65.700      0.000     0.0000     0.0000 
  15.900      1.476      0.000    -65.700    -60.000     18.319    231.517      0.000    -65.700      0.000     0.0000     0.0000 
  16.200      1.686      0.000    -65.700    -60.000     15.475    285.883      0.000    -65.700      0.000     0.0000     0.0000 
  16.500      1.896      0.000    -65.700    -60.000     13.022    363.201      0.000    -65.700      0.000     0.0000     0.0000 
  16.800      2.106      0.000    -65.700    -60.000     10.918    446.872      0.000    -65.700      0.000     0.0000     0.0000 
  17.100      2.316      0.000    -65.700    -60.000      9.120    452.402      0.000    -65.700      0.000     0.0000     0.0000 
  17.400      2.526      0.000    -65.700    -60.000      7.597    377.188      0.000    -65.700      0.000     0.0000     0.0000 
  17.700      2.831      0.000    -65.700    -60.000      6.311    300.851      0.000    -65.700      0.000     0.0000     0.0000 
  18.000      3.184      0.000    -65.700    -60.000      5.231    242.995      0.000    -65.700      0.000     0.0000     0.0000 
  18.300      3.536      0.000    -65.700    -60.000      4.327    171.750      0.000    -65.700      0.000     0.0000     0.0000 
  18.600      3.889      0.000    -65.700    -60.000      3.577     94.543      0.000    -65.700      0.000     0.0000     0.0000 
  18.900      4.241      0.000    -65.700    -60.000      2.959     42.911      0.000    -65.700      0.000     0.0000     0.0000 
  19.200      4.594      0.000    -65.700    -60.000      2.452     19.469      0.000    -65.700      0.000     0.0000     0.0000 
  19.500      5.111      0.000    -65.700    -60.000      2.046      7.976      0.000    -65.700      0.000     0.0000     0.0000 
  19.800      5.662      0.000    -65.700    -60.000      1.721      3.076      0.000    -65.700      0.000     0.0000     0.0000 
  20.100      6.212      0.000    -65.700    -60.000      1.473      1.018      0.000    -65.700      0.000     0.0000     0.0000 
  20.400      6.763      0.000    -65.700    -60.000      1.289      0.450      0.000    -65.700      0.000     0.0000     0.0000 
  20.700      7.313      0.000    -65.700    -60.000      1.172      0.567      0.000    -65.700      0.000     0.0000     0.0000 
  21.000      7.864      0.000    -65.700    -60.000      1.107      1.581      0.000    -65.700      0.000     0.0000     0.0000 
  21.300      8.662      0.000    -65.700    -60.000      1.098      4.694      0.000    -65.700      0.000     0.0000     0.0000 
  21.600      9.459      0.000    -65.700    -60.000      1.149     10.318      0.000    -65.700      0.000     0.0000     0.0000 
  21.900     10.257      0.000    -65.700    -60.000      1.251     20.017      0.000    -65.700      0.000     0.0000     0.0000 
  22.200     11.055      0.000    -65.700    -60.000      1.411     44.357      0.000    -65.700      0.000     0.0000     0.0000 
  22.500     11.853      0.000    -65.700    -60.000      1.632     92.010      0.000    -65.700      0.000     0.0000     0.0000 
  22.800     12.695      0.000    -65.700    -60.000      1.928    145.627      0.000    -65.700      0.000     0.0000     0.0000 
  23.100     13.763      0.000    -65.700    -60.000      2.288    189.588      0.000    -65.700      0.000     0.0000     0.0000 
  23.400     14.831      0.000    -65.700    -60.000      2.724    249.715      0.000    -65.700      0.000     0.0000     0.0000 
  23.700     15.899      0.000    -65.700    -60.000      3.251    331.889      0.000    -65.700      0.000     0.0000     0.0000 
  24.000     16.966      0.000    -65.700    -60.000      3.861    376.804      0.000    -65.700      0.000     0.0000     0.0000 
  24.300     18.034      0.000    -65.700    -60.000      4.565    362.096      0.000    -65.700      0.000     0.0000     0.0000 
  24.600     19.184      0.000    -65.700    -60.000      5.371    341.353      0.000    -65.700      0.000     0.0000     0.0000 
  24.900     20.496      0.000    -65.700    -60.000      6.291    327.448      0.000    -65.700      0.000     0.0000     0.0000 
  25.200     21.808      0.000    -65.700    -60.000      7.315    279.181      0.000    -65.700      0.000     0.0000     0.0000 
  25.500     23.120      0.000    -65.700    -60.000      8.453    199.999      0.000    -65.700      0.000     0.0000     0.0000 
  25.800     24.432      0.000    -65.700    -60.000      9.714    138.663      0.000    -65.700      0.000     0.0000     0.0000 
  26.100     25.744      0.000    -65.700    -60.000     11.089     97.775      0.000    -65.700      0.000     0.0000     0.0000 
  26.400     27.134      0.000    -65.700    -60.000     12.582     61.116      0.000    -65.700      0.000     0.0000     0.0000 
  26.700     28.600      0.000    -65.700    -60.000     14.190     31.265      0.000    -65.700      0.000     0.0000     0.0000 
  27.000     30.067      0.000    -65.700    -60.000     15.917     14.298      0.000    -65.700      0.000     0.0000     0.0000 
  27.300     31.533      0.000    -65.700    -60.000     17.748      6.801      0.000    -65.700      0.000     0.0000     0.0000 
  27.600     32.999      0.000    -65.700    -60.000     19.680      3.347      0.000    -65.700      0.000     0.0000     0.0000 
  27.900     34.466      0.000    -65.700    -60.000     21.708      2.273      0.000    -65.700      0.000     0.0000     0.0000 
  28.200     35.932      0.000    -65.700    -60.000     23.816      3.673      0.000    -65.700      0.000     0.0000     0.0000 
  28.500     37.397      0.000    -65.700    -60.000     25.996      7.705      0.000    -65.700      0.000     0.0000     0.0000 
  28.800     38.863      0.000    -65.700    -60.000     28.237     13.940      0.000    -65.700      0.000     0.0000     0.0000 
  29.100     40.329      0.000    -65.700    -60.000     30.521     26.479      0.000    -65.700      0.000     0.0000     0.0000 
  29.400     41.794      0.000    -65.700    -60.000     32.836     54.000      0.000    -65.700      0.000     0.0000     0.0000 
  29.700     43.260      0.000    -65.700    -60.000     35.165     91.776      0.000    -65.700      0.000     0.0000     0.0000 
  30.000     44.561      0.000    -65.700    -60.000     37.494    125.661      0.000    -65.700      0.000     0.0000     0.0000 
  30.300     45.828      0.000    -65.700    -60.000     39.804    167.677      0.000    -65.700      0.000     0.0000     0.0000 
  30.600     47.096      0.000    -65.700    -60.000     42.081    234.034      0.000    -65.700      0.000     0.0000     0.0000 
  30.900     48.363      0.000    -65.700    -60.000     44.307    290.792      0.000    -65.700      0.000     0.0000     0.0000 
  31.200     49.631      0.000    -65.700    -60.000     46.467    307.019      0.000    -65.700      0.000     0.0000     0.0000 
  31.500     50.899      0.000    -65.700    -60.000     48.546    315.327      0.000    -65.700      0.000     0.0000     0.0000 
  31.800     51.771      0.000    -65.700    -60.000     50.530    334.667      0.000    -65.700      0.000     0.0000     0.0000 
  32.100     52.643      0.000    -65.700    -60.000     52.405    320.927      0.000    -65.700      0.000     0.0000     0.0000 
  32.400     53.515      0.000    -65.700    -60.000     54.159    267.345      0.000    -65.700      0.000     0.0000     0.0000 
  32.700     54.387      0.000    -65.700    -60.000     55.781    219.335      0.000    -65.700      0.000     0.0000     0.0000 
  33.000     55.259      0.000    -65.700    -60.000     57.262    183.670      0.000    -65.700      0.000     0.0000     0.0000 
  33.300     56.041      0.000    -65.700    -60.000     58.594    138.122      0.000    -65.700      0.000     0.0000     0.0000 
  33.600     56.371      0.000    -65.700    -60.000     59.770     90.118      0.000    -65.700      0.000     0.0000     0.0000 
  33.900     56.701      0.000    -65.700    -60.000     60.786     58.117      0.000    -65.700      0.000     0.0000     0.0000 
  34.200     57.031      0.000    -65.700    -60.000     61.638     38.590      0.000    -65.700      0.000     0.0000     0.0000 
  34.500     57.361      0.000    -65.700    -60.000     62.324     22.080      0.000    -65.700      0.000     0.0000     0.0000 
  34.800     57.691      0.000    -65.700    -60.000     62.843     11.500      0.000    -65.700      0.000     0.0000     0.0000 
  35.100     57.778      0.000    -65.700    -60.000     63.198      7.127      0.000    -65.700      0.000     0.0000     0.0000 
  35.400     57.376      0.000    -65.700    -60.000     63.390      7.508      0.000    -65.700      0.000     0.0000     0.0000 
  35.700     56.975      0.000    -65.700    -60.000     63.423     10.732      0.000    -65.700      0.000     0.0000     0.0000 
  36.000     56.573      0.000    -65.700    -60.000     63.300     17.154      0.000    -65.700      0.000     0.0000     0.0000 
  36.300     56.172      0.000    -65.700    -60.000     63.029     32.410      0.000    -65.700      0.000     0.0000     0.0000 
  36.600     55.770      0.000    -65.700    -60.000     62.615     57.825      0.000    -65.700      0.000     0.0000     0.0000 
  36.900     55.369      0.000    -65.700    -60.000     62.065     83.646      0.000    -65.700      0.000     0.0000     0.0000 
  37.200     54.967      0.000    -65.700    -60.000     61.388    112.107      0.000    -65.700      0.000     0.0000     0.0000 
  37.500     54.566      0.000    -65.700    -60.000     60.592    159.936      0.000    -65.700      0.000     0.0000     0.0000 
  37.800     53.698      0.000    -65.700    -60.000     59.685    213.882      0.000    -65.700      0.000     0.0000     0.0000 
  38.100     52.598      0.000    -65.700    -60.000     58.678    242.986      0.000    -65.700      0.000     0.0000     0.0000 
  38.400     51.497      0.000    -65.700    -60.000     57.578    263.281      0.000    -65.700      0.000     0.0000     0.0000 
  38.700     50.397      0.000    -65.700    -60.000     56.394    298.531      0.000    -65.700      0.000     0.0000     0.0000 
  39.000     49.296      0.000    -65.700    -60.000     55.138    314.600      0.000    -65.700      0.000     0.0000     0.0000 
  39.300     48.196      0.000    -65.700    -60.000     53.817    289.643      0.000    -65.700      0.000     0.0000     0.0000 
  39.600     47.096      0.000    -65.700    -60.000     52.440    261.132      0.000    -65.700      0.000     0.0000     0.0000 
  39.900     45.995      0.000    -65.700    -60.000     51.016    243.109      0.000    -65.700      0.000     0.0000     0.0000 
  40.200     44.895      0.000    -65.700    -60.000     49.554    207.824      0.000    -65.700      0.000     0.0000     0.0000 
  40.500     43.498      0.000    -65.700    -60.000     48.061    155.837      0.000    -65.700      0.000     0.0000     0.0000 
  40.800     42.101      0.000    -65.700    -60.000     46.546    117.826      0.000    -65.700      0.000     0.0000     0.0000 
  41.100     40.704      0.000    -65.700    -60.000     45.015     90.266      0.000    -65.700      0.000     0.0000     0.0000 
  41.400     39.307      0.000    -65.700    -60.000     43.476     61.897      0.000    -65.700      0.000     0.0000     0.0000 
  41.700     37.910      0.000    -65.700    -60.000     41.934     38.390      0.000    -65.700      0.000     0.0000     0.0000 
  42.000     36.513      0.000    -65.700    -60.000     40.395     24.791      0.000    -65.700      0.000     0.0000     0.0000 
  42.300     35.116      0.000    -65.700    -60.000     38.865     17.755      0.000    -65.700      0.000     0.0000     0.0000 
  42.600     33.720      0.000    -65.700    -60.000     37.348     14.353      0.000    -65.700      0.000     0.0000     0.0000 
  42.900     32.361      0.000    -65.700    -60.000     35.850     14.800      0.000    -65.700      0.000     0.0000     0.0000 
  43.200     31.080      0.000    -65.700    -60.000     34.374     21.610      0.000    -65.700      0.000     0.0000     0.0000 
  43.500     29.799      0.000    -65.700    -60.000     32.923     37.083      0.000    -65.700      0.000     0.0000     0.0000 
  43.800     28.517      0.000    -65.700    -60.000     31.502     56.091      0.000    -65.700      0.000     0.0000     0.0000 
  44.100     27.236      0.000    -65.700    -60.000     30.111     75.509      0.000    -65.700      0.000     0.0000     0.0000 
  44.400     25.955      0.000    -65.700    -60.000     28.755    107.526      0.000    -65.700      0.000     0.0000     0.0000 
  44.700     24.673      0.000    -65.700    -60.000     27.433    152.044      0.000    -65.700      0.000     0.0000     0.0000 
  45.000     23.392      0.000    -65.700    -60.000     26.150    184.913      0.000    -65.700      0.000     0.0000     0.0000 
  45.300     22.111      0.000    -65.700    -60.000     24.904    207.829      0.000    -65.700      0.000     0.0000     0.0000 
  45.600     21.070      0.000    -65.700    -60.000     23.699    245.434      0.000    -65.700      0.000     0.0000     0.0000 
  45.900     20.149      0.000    -65.700    -60.000     22.533    279.178      0.000    -65.700      0.000     0.0000     0.0000 
  46.200     19.227      0.000    -65.700    -60.000     21.408    278.668      0.000    -65.700      0.000     0.0000     0.0000 
  46.500     18.306      0.000    -65.700    -60.000     20.324    266.680      0.000    -65.700      0.000     0.0000     0.0000 
  46.800     17.385      0.000    -65.700    -60.000     19.282    267.055      0.000    -65.700      0.000     0.0000     0.0000 
  47.100     16.464      0.000    -65.700    -60.000     18.280    249.931      0.000    -65.700      0.000     0.0000     0.0000 
  47.400     15.543      0.000    -65.700    -60.000     17.318    208.078      0.000    -65.700      0.000     0.0000     0.0000 
  47.700     14.622      0.000    -65.700    -60.000     16.396    172.885      0.000    -65.700      0.000     0.0000     0.0000 
  48.000     13.701      0.000    -65.700    -60.000     15.514    147.223      0.000    -65.700      0.000     0.0000     0.0000 
  48.300     13.181      0.000    -65.700    -60.000     14.671    114.199      0.000    -65.700      0.000     0.0000     0.0000 
  48.600     12.662      0.000    -65.700    -60.000     13.865     80.342      0.000    -65.700      0.000     0.0000     0.0000 
  48.900     12.142      0.000    -65.700    -60.000     13.097     58.243      0.000    -65.700      0.000     0.0000     0.0000 
  49.200     11.623      0.000    -65.700    -60.000     12.364     43.511      0.000    -65.700      0.000     0.0000     0.0000 
  49.500     11.103      0.000    -65.700    -60.000     11.667     30.311      0.000    -65.700      0.000     0.0000     0.0000 
  49.800     10.584      0.000    -65.700    -60.000     11.003     22.751      0.000    -65.700      0.000     0.0000     0.0000 
  50.100     10.064      0.000    -65.700    -60.000     10.373     21.701      0.000    -65.700      0.000     0.0000     0.0000 
  50.400      9.545      0.000    -65.700    -60.000      9.774     28.041      0.000    -65.700      0.000     0.0000     0.0000 
  50.700      9.131      0.000    -65.700    -60.000      9.206     39.714      0.000    -65.700      0.000     0.0000     0.0000 
  51.000      8.927      0.000    -65.700    -60.000      8.668     52.508      0.000    -65.700      0.000     0.0000     0.0000 
  51.300      8.723      0.000    -65.700    -60.000      8.158     72.532      0.000    -65.700      0.000     0.0000     0.0000 
  51.600      8.519      0.000    -65.700    -60.000      7.675    105.622      0.000    -65.700      0.000     0.0000     0.0000 
  51.900      8.315      0.000    -65.700    -60.000      7.219    136.854      0.000    -65.700      0.000     0.0000     0.0000 
  52.200      8.111      0.000    -65.700    -60.000      6.788    158.983      0.000    -65.700      0.000     0.0000     0.0000 
  52.500      7.907      0.000    -65.700    -60.000      6.381    191.520      0.000    -65.700      0.000     0.0000     0.0000 
  52.800      7.703      0.000    -65.700    -60.000      5.998    231.458      0.000    -65.700      0.000     0.0000     0.0000 
  53.100      7.499      0.000    -65.700    -60.000      5.637    247.233      0.000    -65.700      0.000     0.0000     0.0000 
  53.400      7.426      0.000    -65.700    -60.000      5.297    247.981      0.000    -65.700      0.000     0.0000     0.0000 
  53.700      7.420      0.000    -65.700    -60.000      4.976    260.858      0.000    -65.700      0.000     0.0000     0.0000 
  54.000      7.414      0.000    -65.700    -60.000      4.676    264.092      0.000    -65.700      0.000     0.0000     0.0000 
  54.300      7.408      0.000    -65.700    -60.000      4.395    238.038      0.000    -65.700      0.000     0.0000     0.0000 
  54.600      7.402      0.000    -65.700    -60.000      4.131    210.415      0.000    -65.700      0.000     0.0000     0.0000 
  54.900      7.396      0.000    -65.700    -60.000      3.884    193.382      0.000    -65.700      0.000     0.0000     0.0000 
  55.200      7.389      0.000    -65.700    -60.000      3.655    165.800      0.000    -65.700      0.000     0.0000     0.0000 
  55.500      7.383      0.000    -65.700    -60.000      3.440    127.462      0.000    -65.700      0.000     0.0000     0.0000 
  55.800      7.377      0.000    -65.700    -60.000      3.240    100.637      0.000    -65.700      0.000     0.0000     0.0000 
  56.100      7.477      0.000    -65.700    -60.000      3.057     80.683      0.000    -65.700      0.000     0.0000     0.0000 
  56.400      7.577      0.000    -65.700    -60.000      2.886     59.564      0.000    -65.700      0.000     0.0000     0.0000 
  56.700      7.676      0.000    -65.700    -60.000      2.729     42.983      0.000    -65.700      0.000     0.0000     0.0000 
  57.000      7.776      0.000    -65.700    -60.000      2.588     34.362      0.000    -65.700      0.000     0.0000     0.0000 
  57.300      7.876      0.000    -65.700    -60.000      2.457     31.883      0.000    -65.700      0.000     0.0000     0.0000 
  57.600      7.976      0.000    -65.700    -60.000      2.338     34.777      0.000    -65.700      0.000     0.0000     0.0000 
  57.900      8.075      0.000    -65.700    -60.000      2.235     41.039      0.000    -65.700      0.000     0.0000     0.0000 
  58.200      8.175      0.000    -65.700    -60.000      2.141     51.997      0.000    -65.700      0.000     0.0000     0.0000 
  58.500      8.292      0.000    -65.700    -60.000      2.059     73.608      0.000    -65.700      0.000     0.0000     0.0000 
  58.800      8.444      0.000    -65.700    -60.000      1.992     99.724      0.000    -65.700      0.000     0.0000     0.0000 
  59.100      8.596      0.000    -65.700    -60.000      1.934    119.478      0.000    -65.700      0.000     0.0000     0.0000 
  59.400      8.747      0.000    -65.700    -60.000      1.887    144.826      0.000    -65.700      0.000     0.0000     0.0000 
  59.700      8.899      0.000    -65.700    -60.000      1.852    182.603      0.000    -65.700      0.000     0.0000     0.0000 
  60.000      9.051      0.000    -65.700    -60.000      1.831    208.201      0.000    -65.700      0.000     0.0000     0.0000 
  60.300      9.202      0.000    -65.700    -60.000      1.819    217.050      0.000    -65.700      0.000     0.0000     0.0000 
  60.600      9.354      0.000    -65.700    -60.000      1.818    235.335      0.000    -65.700      0.000     0.0000     0.0000 
  60.900      9.505      0.000    -65.700    -60.000      1.834    254.065      0.000    -65.700      0.000     0.0000     0.0000 
  61.200      9.674      0.000    -65.700    -60.000      1.857    245.945      0.000    -65.700      0.000     0.0000     0.0000 
  61.500      9.851      0.000    -65.700    -60.000      1.892    227.064      0.000    -65.700      0.000     0.0000     0.0000 
  61.800     10.028      0.000    -65.700    -60.000      1.943    220.454      0.000    -65.700      0.000     0.0000     0.0000 
  62.100     10.205      0.000    -65.700    -60.000      2.003    203.557      0.000    -65.700      0.000     0.0000     0.0000 
  62.400     10.382      0.000    -65.700    -60.000      2.075    169.553      0.000    -65.700      0.000     0.0000     0.0000 
  62.700     10.559      0.000    -65.700    -60.000      2.164    142.132      0.000    -65.700      0.000     0.0000     0.0000 
  63.000     10.736      0.000    -65.700    -60.000      2.262    122.604      0.000    -65.700      0.000     0.0000     0.0000 
  63.300     10.913      0.000    -65.700    -60.000      2.373     97.764      0.000    -65.700      0.000     0.0000     0.0000 
  63.600     11.090      0.000    -65.700    -60.000      2.501     73.352      0.000    -65.700      0.000     0.0000     0.0000 
  63.900     11.280      0.000    -65.700    -60.000      2.640     58.347      0.000    -65.700      0.000     0.0000     0.0000 
  64.200     11.470      0.000    -65.700    -60.000      2.791     48.916      0.000    -65.700      0.000     0.0000     0.0000 
  64.500     11.660      0.000    -65.700    -60.000      2.961     42.184      0.000    -65.700      0.000     0.0000     0.0000 
  64.800     11.850      0.000    -65.700    -60.000      3.141     41.038      0.000    -65.700      0.000     0.0000     0.0000 
  65.100     12.039      0.000    -65.700    -60.000      3.335     44.338      0.000    -65.700      0.000     0.0000     0.0000 
  65.400     12.229      0.000    -65.700    -60.000      3.548     55.473      0.000    -65.700      0.000     0.0000     0.0000 
  65.700     12.419      0.000    -65.700    -60.000      3.772     73.940      0.000    -65.700      0.000     0.0000     0.0000 
  66.000     12.609      0.000    -65.700    -60.000      4.010     90.357      0.000    -65.700      0.000     0.0000     0.0000 
  66.300     12.801      0.000    -65.700    -60.000      4.267    108.550      0.000    -65.700      0.000     0.0000     0.0000 
  66.600     12.997      0.000    -65.700    -60.000      4.536    139.317      0.000    -65.700      0.000     0.0000     0.0000 
  66.900     13.192      0.000    -65.700    -60.000      4.819    168.328      0.000    -65.700      0.000     0.0000     0.0000 
  67.200     13.388      0.000    -65.700    -60.000      5.118    182.578      0.000    -65.700      0.000     0.0000     0.0000 
  67.500     13.584      0.000    -65.700    -60.000      5.435    201.001      0.000    -65.700      0.000     0.0000     0.0000 
  67.800     13.779      0.000    -65.700    -60.000      5.764    228.006      0.000    -65.700      0.000     0.0000     0.0000 
  68.100     13.975      0.000    -65.700    -60.000      6.108    234.689      0.000    -65.700      0.000     0.0000     0.0000 
  68.400     14.171      0.000    -65.700    -60.000      6.469    225.750      0.000    -65.700      0.000     0.0000     0.0000 
  68.700     14.367      0.000    -65.700    -60.000      6.843    227.407      0.000    -65.700      0.000     0.0000     0.0000 
  69.000     14.562      0.000    -65.700    -60.000      7.231    224.603      0.000    -65.700      0.000     0.0000     0.0000 
  69.300     14.758      0.000    -65.700    -60.000      7.635    199.956      0.000    -65.700      0.000     0.0000     0.0000 
  69.600     14.954      0.000    -65.700    -60.000      8.052    174.952      0.000    -65.700      0.000     0.0000     0.0000 
  69.900     15.150      0.000    -65.700    -60.000      8.482    159.876      0.000    -65.700      0.000     0.0000     0.0000 
  70.200     15.346      0.000    -65.700    -60.000      8.927    137.867      0.000    -65.700      0.000     0.0000     0.0000 
  70.500     15.542      0.000    -65.700    -60.000      9.383    108.640      0.000    -65.700      0.000     0.0000     0.0000 
  70.800     15.738      0.000    -65.700    -60.000      9.852     89.305      0.000    -65.700      0.000     0.0000     0.0000 
  71.100     15.934      0.000    -65.700    -60.000     10.334     75.219      0.000    -65.700      0.000     0.0000     0.0000 
  71.400     16.130      0.000    -65.700    -60.000     10.826     61.120      0.000    -65.700      0.000     0.0000     0.0000 
  71.700     16.321      0.000    -65.700    -60.000     11.329     52.065      0.000    -65.700      0.000     0.0000     0.0000 
  72.000     16.512      0.000    -65.700    -60.000     11.842     48.859      0.000    -65.700      0.000     0.0000     0.0000 
  72.300     16.703      0.000    -65.700    -60.000     12.367     50.906      0.000    -65.700      0.000     0.0000     0.0000 
  72.600     16.894      0.000    -65.700    -60.000     12.899     60.118      0.000    -65.700      0.000     0.0000     0.0000 
  72.900     17.084      0.000    -65.700    -60.000     13.439     71.694      0.000    -65.700      0.000     0.0000     0.0000 
  73.200     17.275      0.000    -65.700    -60.000     13.987     83.745      0.000    -65.700      0.000     0.0000     0.0000 
  73.500     17.466      0.000    -65.700    -60.000     14.541    105.365      0.000    -65.700      0.000     0.0000     0.0000 
  73.800     17.657      0.000    -65.700    -60.000     15.102    132.469      0.000    -65.700      0.000     0.0000     0.0000 
  74.100     17.845      0.000    -65.700    -60.000     15.668    149.200      0.000    -65.700      0.000     0.0000     0.0000 
  74.400     18.025      0.000    -65.700    -60.000     16.237    165.738      0.000    -65.700      0.000     0.0000     0.0000 
  74.700     18.206      0.000    -65.700    -60.000     16.810    194.103      0.000    -65.700      0.000     0.0000     0.0000 
  75.000     18.386      0.000    -65.700    -60.000     17.385    212.167      0.000    -65.700      0.000     0.0000     0.0000 
  75.300     18.567      0.000    -65.700    -60.000     17.962    211.869      0.000    -65.700      0.000     0.0000     0.0000 
  75.600     18.747      0.000    -65.700    -60.000     18.539    218.191      0.000    -65.700      0.000     0.0000     0.0000 
  75.900     18.928      0.000    -65.700    -60.000     19.116    227.649      0.000    -65.700      0.000     0.0000     0.0000 
  76.200     19.108      0.000    -65.700    -60.000     19.692    216.150      0.000    -65.700      0.000     0.0000     0.0000 
  76.500     19.289      0.000    -65.700    -60.000     20.265    195.353      0.000    -65.700      0.000     0.0000     0.0000 
  76.800     19.459      0.000    -65.700    -60.000     20.835    186.209      0.000    -65.700      0.000     0.0000     0.0000 
  77.100     19.625      0.000    -65.700    -60.000     21.401    170.737      0.000    -65.700      0.000     0.0000     0.0000 
  77.400     19.790      0.000    -65.700    -60.000     21.962    142.883      0.000    -65.700      0.000     0.0000     0.0000 
  77.700     19.955      0.000    -65.700    -60.000     22.517    121.381      0.000    -65.700      0.000     0.0000     0.0000 
  78.000     20.121      0.000    -65.700    -60.000     23.065    106.646      0.000    -65.700      0.000     0.0000     0.0000 
  78.300     20.286      0.000    -65.700    -60.000     23.604     88.443      0.000    -65.700      0.000     0.0000     0.0000 
  78.600     20.451      0.000    -65.700    -60.000     24.135     72.104      0.000    -65.700      0.000     0.0000     0.0000 
  78.900     20.617      0.000    -65.700    -60.000     24.657     63.444      0.000    -65.700      0.000     0.0000     0.0000 
  79.200     20.782      0.000    -65.700    -60.000     25.167     58.869      0.000    -65.700      0.000     0.0000     0.0000 
  79.500     20.928      0.000    -65.700    -60.000     25.667     58.409      0.000    -65.700      0.000     0.0000     0.0000 
  79.800     21.074      0.000    -65.700    -60.000     26.153     63.638      0.000    -65.700      0.000     0.0000     0.0000 
  80.100     21.220      0.000    -65.700    -60.000     26.628     70.059      0.000    -65.700      0.000     0.0000     0.0000 
  80.400     21.365      0.000    -65.700    -60.000     27.088     82.708      0.000    -65.700      0.000     0.0000     0.0000 
  80.700     21.511      0.000    -65.700    -60.000     27.534    103.928      0.000    -65.700      0.000     0.0000     0.0000 
  81.000     21.657      0.000    -65.700    -60.000     27.965    120.940      0.000    -65.700      0.000     0.0000     0.0000 
  81.300     21.803      0.000    -65.700    -60.000     28.380    134.594      0.000    -65.700      0.000     0.0000     0.0000 
  81.600     21.949      0.000    -65.700    -60.000     28.778    159.304      0.000    -65.700      0.000     0.0000     0.0000 
  81.900     22.087      0.000    -65.700    -60.000     29.160    183.386      0.000    -65.700      0.000     0.0000     0.0000 
  82.200     22.210      0.000    -65.700    -60.000     29.523    190.844      0.000    -65.700      0.000     0.0000     0.0000 
  82.500     22.333      0.000    -65.700    -60.000     29.869    198.726      0.000    -65.700      0.000     0.0000     0.0000 
  82.800     22.457      0.000    -65.700    -60.000     30.196    215.958      0.000    -65.700      0.000     0.0000     0.0000 
  83.100     22.580      0.000    -65.700    -60.000     30.504    216.805      0.000    -65.700      0.000     0.0000     0.0000 
  83.400     22.703      0.000    -65.700    -60.000     30.793    203.172      0.000    -65.700      0.000     0.0000     0.0000 
  83.700     22.826      0.000    -65.700    -60.000     31.063    199.081      0.000    -65.700      0.000     0.0000     0.0000 
  84.000     22.949      0.000    -65.700    -60.000     31.312    193.508      0.000    -65.700      0.000     0.0000     0.0000 
  84.300     23.072      0.000    -65.700    -60.000     31.541    171.206      0.000    -65.700      0.000     0.0000     0.0000 
  84.600     23.179      0.000    -65.700    -60.000     31.750    149.428      0.000    -65.700      0.000     0.0000     0.0000 
  84.900     23.277      0.000    -65.700    -60.000     31.938    136.765      0.000    -65.700      0.000     0.0000     0.0000 
  85.200     23.376      0.000    -65.700    -60.000     32.105    119.486      0.000    -65.700      0.000     0.0000     0.0000 
  85.500     23.474      0.000    -65.700    -60.000     32.252     97.716      0.000    -65.700      0.000     0.0000     0.0000 
  85.800     23.572      0.000    -65.700    -60.000     32.377     84.759      0.000    -65.700      0.000     0.0000     0.0000 
  86.100     23.671      0.000    -65.700    -60.000     32.482     75.696      0.000    -65.700      0.000     0.0000     0.0000 
  86.400     23.769      0.000    -65.700    -60.000     32.567     67.762      0.000    -65.700      0.000     0.0000     0.0000 
  86.700     23.867      0.000    -65.700    -60.000     32.630     65.706      0.000    -65.700      0.000     0.0000     0.0000 
  87.000     23.966      0.000    -65.700    -60.000     32.673     67.200      0.000    -65.700      0.000     0.0000     0.0000 
  87.300     24.040      0.000    -65.700    -60.000     32.696     71.956      0.000    -65.700      0.000     0.0000     0.0000 
  87.600     24.115      0.000    -65.700    -60.000     32.698     84.910      0.000    -65.700      0.000     0.0000     0.0000 
  87.900     24.190      0.000    -65.700    -60.000     32.680     99.544      0.000    -65.700      0.000     0.0000     0.0000 
  88.200     24.264      0.000    -65.700    -60.000     32.643    110.471      0.000    -65.700      0.000     0.0000     0.0000 
  88.500     24.339      0.000    -65.700    -60.000     32.586    128.753      0.000    -65.700      0.000     0.0000     0.0000 
  88.800     24.414      0.000    -65.700    -60.000     32.510    153.464      0.000    -65.700      0.000     0.0000     0.0000 
  89.100     24.489      0.000    -65.700    -60.000     32.415    166.128      0.000    -65.700      0.000     0.0000     0.0000 
  89.400     24.549      0.000    -65.700    -60.000     32.302    174.770      0.000    -65.700      0.000     0.0000     0.0000 
  89.700     24.603      0.000    -65.700    -60.000     32.171    194.555      0.000    -65.700      0.000     0.0000     0.0000 
  90.000     24.656      0.000    -65.700    -60.000     32.022    206.393      0.000    -65.700      0.000     0.0000     0.0000 
  90.300     24.710      0.000    -65.700    -60.000     31.857    200.418      0.000    -65.700      0.000     0.0000     0.0000 
  90.600     24.763      0.000    -65.700    -60.000     31.674    199.489      0.000    -65.700      0.000     0.0000     0.0000 
  90.900     24.816      0.000    -65.700    -60.000     31.476    203.282      0.000    -65.700      0.000     0.0000     0.0000 
  91.200     24.870      0.000    -65.700    -60.000     31.261    190.621      0.000    -65.700      0.000     0.0000     0.0000 
  91.500     24.917      0.000    -65.700    -60.000     31.032    170.220      0.000    -65.700      0.000     0.0000     0.0000 
  91.800     24.950      0.000    -65.700    -60.000     30.788    160.716      0.000    -65.700      0.000     0.0000     0.0000 
  92.100     24.983      0.000    -65.700    -60.000     30.530    147.275      0.000    -65.700      0.000     0.0000     0.0000 
  92.400     25.016      0.000    -65.700    -60.000     30.258    124.869      0.000    -65.700      0.000     0.0000     0.0000 
  92.700     25.050      0.000    -65.700    -60.000     29.974    108.748      0.000    -65.700      0.000     0.0000     0.0000 
  93.000     25.083      0.000    -65.700    -60.000     29.677     98.324      0.000    -65.700      0.000     0.0000     0.0000 
  93.300     25.116      0.000    -65.700    -60.000     29.368     85.719      0.000    -65.700      0.000     0.0000     0.0000 
  93.600     25.150      0.000    -65.700    -60.000     29.048     76.441      0.000    -65.700      0.000     0.0000     0.0000 
  93.900     25.165      0.000    -65.700    -60.000     28.718     73.405      0.000    -65.700      0.000     0.0000     0.0000 
  94.200     25.180      0.000    -65.700    -60.000     28.378     72.479      0.000    -65.700      0.000     0.0000     0.0000 
  94.500     25.195      0.000    -65.700    -60.000     28.028     76.403      0.000    -65.700      0.000     0.0000     0.0000 
  94.800     25.210      0.000    -65.700    -60.000     27.669     86.267      0.000    -65.700      0.000     0.0000     0.0000 
  95.100     25.225      0.000    -65.700    -60.000     27.302     94.137      0.000    -65.700      0.000     0.0000     0.0000 
  95.400     25.240      0.000    -65.700    -60.000     26.928    105.758      0.000    -65.700      0.000     0.0000     0.0000 
  95.700     25.255      0.000    -65.700    -60.000     26.546    126.621      0.000    -65.700      0.000     0.0000     0.0000 
  96.000     25.259      0.000    -65.700    -60.000     26.158    142.300      0.000    -65.700      0.000     0.0000     0.0000 
  96.300     25.258      0.000    -65.700    -60.000     25.764    150.896      0.000    -65.700      0.000     0.0000     0.0000 
  96.600     25.257      0.000    -65.700    -60.000     25.365    168.949      0.000    -65.700      0.000     0.0000     0.0000 
  96.900     25.256      0.000    -65.700    -60.000     24.961    187.734      0.000    -65.700      0.000     0.0000     0.0000 
  97.200     25.255      0.000    -65.700    -60.000     24.553    189.984      0.000    -65.700      0.000     0.0000     0.0000 
  97.500     25.255      0.000    -65.700    -60.000     24.141    190.540      0.000    -65.700      0.000     0.0000     0.0000 
  97.800     25.254      0.000    -65.700    -60.000     23.726    200.822      0.000    -65.700      0.000     0.0000     0.0000 
  98.100     25.248      0.000    -65.700    -60.000     23.309    198.096      0.000    -65.700      0.000     0.0000     0.0000 
  98.400     25.234      0.000    -65.700    -60.000     22.889    182.554      0.000    -65.700      0.000     0.0000     0.0000 
  98.700     25.220      0.000    -65.700    -60.000     22.468    175.772      0.000    -65.700      0.000     0.0000     0.0000 
  99.000     25.206      0.000    -65.700    -60.000     22.046    169.267      0.000    -65.700      0.000     0.0000     0.0000 
  99.300     25.192      0.000    -65.700    -60.000     21.624    149.803      0.000    -65.700      0.000     0.0000     0.0000 
  99.600     25.178      0.000    -65.700    -60.000     21.201    131.701      0.000    -65.700      0.000     0.0000     0.0000 
  99.900     25.164      0.000    -65.700    -60.000     20.779    121.858      0.000    -65.700      0.000     0.0000     0.0000 
 100.200     25.150      0.000    -65.700    -60.000     20.358    108.795      0.000    -65.700      0.000     0.0000     0.0000 
 100.500     25.126      0.000    -65.700    -60.000     19.938     93.472      0.000    -65.700      0.000     0.0000     0.0000 
 100.800     25.102      0.000    -65.700    -60.000     19.519     86.255      0.000    -65.700      0.000     0.0000     0.0000 
 101.100     25.078      0.000    -65.700    -60.000     19.103     81.339      0.000    -65.700      0.000     0.0000     0.0000 
 101.400     25.054      0.000    -65.700    -60.000     18.689     78.045      0.000    -65.700      0.000     0.0000     0.0000 
 101.700     25.030      0.000    -65.700    -60.000     18.278     81.472      0.000    -65.700      0.000     0.0000     0.0000 
 102.000     25.006      0.000    -65.700    -60.000     17.871     86.350      0.000    -65.700      0.000     0.0000     0.0000 
 102.300     24.982      0.000    -65.700    -60.000     17.468     91.939      0.000    -65.700      0.000     0.0000     0.0000 
 102.600     24.953      0.000    -65.700    -60.000     17.068    106.052      0.000    -65.700      0.000     0.0000     0.0000 
 102.900     24.922      0.000    -65.700    -60.000     16.673    121.636      0.000    -65.700      0.000     0.0000     0.0000 
 103.200     24.890      0.000    -65.700    -60.000     16.282    130.296      0.000    -65.700      0.000     0.0000     0.0000 
 103.500     24.859      0.000    -65.700    -60.000     15.896    143.995      0.000    -65.700      0.000     0.0000     0.0000 
 103.800     24.828      0.000    -65.700    -60.000     15.517    164.940      0.000    -65.700      0.000     0.0000     0.0000 
 104.100     24.797      0.000    -65.700    -60.000     15.142    173.620      0.000    -65.700      0.000     0.0000     0.0000 
 104.400     24.766      0.000    -65.700    -60.000     14.774    176.022      0.000    -65.700      0.000     0.0000     0.0000 
 104.700     24.733      0.000    -65.700    -60.000     14.411    188.907      0.000    -65.700      0.000     0.0000     0.0000 
 105.000     24.698      0.000    -65.700    -60.000     14.055    196.025      0.000    -65.700      0.000     0.0000     0.0000 
 105.300     24.662      0.000    -65.700    -60.000     13.706    186.748      0.000    -65.700      0.000     0.0000     0.0000 
 105.600     24.627      0.000    -65.700    -60.000     13.364    181.637      0.000    -65.700      0.000     0.0000     0.0000 
 105.900     24.592      0.000    -65.700    -60.000     13.029    182.126      0.000    -65.700      0.000     0.0000     0.0000 
 106.200     24.556      0.000    -65.700    -60.000     12.702    169.617      0.000    -65.700      0.000     0.0000     0.0000 
 106.500     24.521      0.000    -65.700    -60.000     12.382    150.924      0.000    -65.700      0.000     0.0000     0.0000 
 106.800     24.486      0.000    -65.700    -60.000     12.070    142.394      0.000    -65.700      0.000     0.0000     0.0000 
 107.100     24.449      0.000    -65.700    -60.000     11.765    131.324      0.000    -65.700      0.000     0.0000     0.0000 
 107.400     24.412      0.000    -65.700    -60.000     11.470    113.882      0.000    -65.700      0.000     0.0000     0.0000 
 107.700     24.375      0.000    -65.700    -60.000     11.183    102.859      0.000    -65.700      0.000     0.0000     0.0000 
 108.000     24.338      0.000    -65.700    -60.000     10.904     96.356      0.000    -65.700      0.000     0.0000     0.0000 
 108.300     24.301      0.000    -65.700    -60.000     10.635     88.197      0.000    -65.700      0.000     0.0000     0.0000 
 108.600     24.264      0.000    -65.700    -60.000     10.373     84.615      0.000    -65.700      0.000     0.0000     0.0000 
 108.900     24.227      0.000    -65.700    -60.000     10.122     86.126      0.000    -65.700      0.000     0.0000     0.0000 
 109.200     24.191      0.000    -65.700    -60.000      9.879     87.464      0.000    -65.700      0.000     0.0000     0.0000 
 109.500     24.155      0.000    -65.700    -60.000      9.645     93.653      0.000    -65.700      0.000     0.0000     0.0000 
 109.800     24.118      0.000    -65.700    -60.000      9.422    106.147      0.000    -65.700      0.000     0.0000     0.0000 
 110.100     24.082      0.000    -65.700    -60.000      9.208    114.110      0.000    -65.700      0.000     0.0000     0.0000 
 110.400     24.046      0.000    -65.700    -60.000      9.002    123.294      0.000    -65.700      0.000     0.0000     0.0000 
 110.700     24.009      0.000    -65.700    -60.000      8.807    142.016      0.000    -65.700      0.000     0.0000     0.0000 
 111.000     23.973      0.000    -65.700    -60.000      8.623    155.435      0.000    -65.700      0.000     0.0000     0.0000 
 111.300     23.938      0.000    -65.700    -60.000      8.448    159.423      0.000    -65.700      0.000     0.0000     0.0000 
 111.600     23.904      0.000    -65.700    -60.000      8.284    171.477      0.000    -65.700      0.000     0.0000     0.0000 
 111.900     23.869      0.000    -65.700    -60.000      8.129    185.517      0.000    -65.700      0.000     0.0000     0.0000 
 112.200     23.835      0.000    -65.700    -60.000      7.985    184.039      0.000    -65.700      0.000     0.0000     0.0000 
 112.500     23.801      0.000    -65.700    -60.000      7.852    179.783      0.000    -65.700      0.000     0.0000     0.0000 
 112.800     23.767      0.000    -65.700    -60.000      7.728    185.343      0.000    -65.700      0.000     0.0000     0.0000 
 113.100     23.733      0.000    -65.700    -60.000      7.615    180.630      0.000    -65.700      0.000     0.0000     0.0000 
 113.400     23.699      0.000    -65.700    -60.000      7.513    164.891      0.000    -65.700      0.000     0.0000     0.0000 
 113.700     23.669      0.000    -65.700    -60.000      7.421    157.354      0.000    -65.700      0.000     0.0000     0.0000 
 114.000     23.638      0.000    -65.700    -60.000      7.339    151.077      0.000    -65.700      0.000     0.0000     0.0000 
 114.300     23.607      0.000    -65.700    -60.000      7.270    134.667      0.000    -65.700      0.000     0.0000     0.0000 
 114.600     23.577      0.000    -65.700    -60.000      7.209    120.481      0.000    -65.700      0.000     0.0000     0.0000 
 114.900     23.546      0.000    -65.700    -60.000      7.159    113.694      0.000    -65.700      0.000     0.0000     0.0000 
 115.200     23.515      0.000    -65.700    -60.000      7.122    104.274      0.000    -65.700      0.000     0.0000     0.0000 
 115.500     23.485      0.000    -65.700    -60.000      7.094     94.305      0.000    -65.700      0.000     0.0000     0.0000 
 115.800     23.457      0.000    -65.700    -60.000      7.076     92.013      0.000    -65.700      0.000     0.0000     0.0000 
 116.100     23.430      0.000    -65.700    -60.000      7.071     90.252      0.000    -65.700      0.000     0.0000     0.0000 
 116.400     23.403      0.000    -65.700    -60.000      7.075     89.922      0.000    -65.700      0.000     0.0000     0.0000 
 116.700     23.376      0.000    -65.700    -60.000      7.089     97.026      0.000    -65.700      0.000     0.0000     0.0000 
 117.000     23.350      0.000    -65.700    -60.000      7.116    103.930      0.000    -65.700      0.000     0.0000     0.0000 
 117.300     23.323      0.000    -65.700    -60.000      7.151    108.984      0.000    -65.700      0.000     0.0000     0.0000 
 117.600     23.296      0.000    -65.700    -60.000      7.197    122.426      0.000    -65.700      0.000     0.0000     0.0000 
 117.900     23.271      0.000    -65.700    -60.000      7.254    137.496      0.000    -65.700      0.000     0.0000     0.0000 
 118.200     23.248      0.000    -65.700    -60.000      7.323    143.504      0.000    -65.700      0.000     0.0000     0.0000 
 118.500     23.225      0.000    -65.700    -60.000      7.400    152.546      0.000    -65.700      0.000     0.0000     0.0000 
 118.800     23.202      0.000    -65.700    -60.000      7.489    169.472      0.000    -65.700      0.000     0.0000     0.0000 
 119.100     23.179      0.000    -65.700    -60.000      7.587    174.715      0.000    -65.700      0.000     0.0000     0.0000 
 119.400     23.157      0.000    -65.700    -60.000      7.694    172.531      0.000    -65.700      0.000     0.0000     0.0000 
 119.700     23.134      0.000    -65.700    -60.000      7.814    180.228      0.000    -65.700      0.000     0.0000     0.0000 
 120.000     23.111      0.000    -65.700    -60.000      7.941    183.983      0.000    -65.700      0.000     0.0000     0.0000 
 120.300     23.092      0.000    -65.700    -60.000      8.078    173.062      0.000    -65.700      0.000     0.0000     0.0000 
 120.600     23.073      0.000    -65.700    -60.000      8.226    165.877      0.000    -65.700      0.000     0.0000     0.0000 
 120.900     23.053      0.000    -65.700    -60.000      8.382    164.705      0.000    -65.700      0.000     0.0000     0.0000 
 121.200     23.034      0.000    -65.700    -60.000      8.547    153.155      0.000    -65.700      0.000     0.0000     0.0000 
 121.500     23.015      0.000    -65.700    -60.000      8.721    136.921      0.000    -65.700      0.000     0.0000     0.0000 
 121.800     22.996      0.000    -65.700    -60.000      8.906    130.209      0.000    -65.700      0.000     0.0000     0.0000 
 122.100     22.976      0.000    -65.700    -60.000      9.097    121.602      0.000    -65.700      0.000     0.0000     0.0000 
 122.400     22.959      0.000    -65.700    -60.000      9.297    108.513      0.000    -65.700      0.000     0.0000     0.0000 
 122.700     22.942      0.000    -65.700    -60.000      9.507    102.118      0.000    -65.700      0.000     0.0000     0.0000 
 123.000     22.926      0.000    -65.700    -60.000      9.723     99.003      0.000    -65.700      0.000     0.0000     0.0000 
 123.300     22.909      0.000    -65.700    -60.000      9.947     94.066      0.000    -65.700      0.000     0.0000     0.0000 
 123.600     22.893      0.000    -65.700    -60.000     10.180     94.635      0.000    -65.700      0.000     0.0000     0.0000 
 123.900     22.876      0.000    -65.700    -60.000     10.419     99.459      0.000    -65.700      0.000     0.0000     0.0000 
 124.200     22.860      0.000    -65.700    -60.000     10.664    101.854      0.000    -65.700      0.000     0.0000     0.0000 
 124.500     22.844      0.000    -65.700    -60.000     10.918    108.596      0.000    -65.700      0.000     0.0000     0.0000 
 124.800     22.829      0.000    -65.700    -60.000     11.177    122.061      0.000    -65.700      0.000     0.0000     0.0000 
 125.100     22.814      0.000    -65.700    -60.000     11.442    129.232      0.000    -65.700      0.000     0.0000     0.0000 
 125.400     22.800      0.000    -65.700    -60.000     11.714    135.429      0.000    -65.700      0.000     0.0000     0.0000 
 125.700     22.785      0.000    -65.700    -60.000     11.990    151.226      0.000    -65.700      0.000     0.0000     0.0000 
 126.000     22.770      0.000    -65.700    -60.000     12.272    162.113      0.000    -65.700      0.000     0.0000     0.0000 
 126.300     22.755      0.000    -65.700    -60.000     12.560    162.299      0.000    -65.700      0.000     0.0000     0.0000 
 126.600     22.740      0.000    -65.700    -60.000     12.851    169.438      0.000    -65.700      0.000     0.0000     0.0000 
 126.900     22.726      0.000    -65.700    -60.000     13.146    179.591      0.000    -65.700      0.000     0.0000     0.0000 
 127.200     22.712      0.000    -65.700    -60.000     13.446    175.630      0.000    -65.700      0.000     0.0000     0.0000 
 127.500     22.698      0.000    -65.700    -60.000     13.749    168.483      0.000    -65.700      0.000     0.0000     0.0000 
 127.800     22.683      0.000    -65.700    -60.000     14.055    171.055      0.000    -65.700      0.000     0.0000     0.0000 
 128.100     22.669      0.000    -65.700    -60.000     14.365    165.486      0.000    -65.700      0.000     0.0000     0.0000 
 128.400     22.655      0.000    -65.700    -60.000     14.676    150.626      0.000    -65.700      0.000     0.0000     0.0000 
 128.700     22.641      0.000    -65.700    -60.000     14.989    143.613      0.000    -65.700      0.000     0.0000     0.0000 
 129.000     22.626      0.000    -65.700    -60.000     15.305    138.292      0.000    -65.700      0.000     0.0000     0.0000 
 129.300     22.611      0.000    -65.700    -60.000     15.621    124.877      0.000    -65.700      0.000     0.0000     0.0000 
 129.600     22.596      0.000    -65.700    -60.000     15.938    114.536      0.000    -65.700      0.000     0.0000     0.0000 
 129.900     22.581      0.000    -65.700    -60.000     16.257    110.773      0.000    -65.700      0.000     0.0000     0.0000 
 130.200     22.566      0.000    -65.700    -60.000     16.575    104.314      0.000    -65.700      0.000     0.0000     0.0000 
 130.500     22.551      0.000    -65.700    -60.000     16.893     98.482      0.000    -65.700      0.000     0.0000     0.0000 
 130.800     22.536      0.000    -65.700    -60.000     17.212    100.110      0.000    -65.700      0.000     0.0000     0.0000 
 131.100     22.520      0.000    -65.700    -60.000     17.529    100.521      0.000    -65.700      0.000     0.0000     0.0000 
 131.400     22.503      0.000    -65.700    -60.000     17.844    101.692      0.000    -65.700      0.000     0.0000     0.0000 
 131.700     22.486      0.000    -65.700    -60.000     18.158    110.841      0.000    -65.700      0.000     0.0000     0.0000 
 132.000     22.469      0.000    -65.700    -60.000     18.470    118.639      0.000    -65.700      0.000     0.0000     0.0000 
 132.300     22.451      0.000    -65.700    -60.000     18.779    122.348      0.000    -65.700      0.000     0.0000     0.0000 
 132.600     22.434      0.000    -65.700    -60.000     19.086    134.051      0.000    -65.700      0.000     0.0000     0.0000 
 132.900     22.417      0.000    -65.700    -60.000     19.390    147.759      0.000    -65.700      0.000     0.0000     0.0000 
 133.200     22.400      0.000    -65.700    -60.000     19.690    151.186      0.000    -65.700      0.000     0.0000     0.0000 
 133.500     22.382      0.000    -65.700    -60.000     19.986    156.069      0.000    -65.700      0.000     0.0000     0.0000 
 133.800     22.365      0.000    -65.700    -60.000     20.279    169.286      0.000    -65.700      0.000     0.0000     0.0000 
 134.100     22.345      0.000    -65.700    -60.000     20.567    171.791      0.000    -65.700      0.000     0.0000     0.0000 
 134.400     22.324      0.000    -65.700    -60.000     20.850    166.472      0.000    -65.700      0.000     0.0000     0.0000 
 134.700     22.303      0.000    -65.700    -60.000     21.128    170.510      0.000    -65.700      0.000     0.0000     0.0000 
 135.000     22.281      0.000    -65.700    -60.000     21.401    172.038      0.000    -65.700      0.000     0.0000     0.0000 
 135.300     22.260      0.000    -65.700    -60.000     21.667    160.634      0.000    -65.700      0.000     0.0000     0.0000 
 135.600     22.238      0.000    -65.700    -60.000     21.928    152.848      0.000    -65.700      0.000     0.0000     0.0000 
 135.900     22.217      0.000    -65.700    -60.000     22.182    151.177      0.000    -65.700      0.000     0.0000     0.0000 
 136.200     22.196      0.000    -65.700    -60.000     22.430    141.031      0.000    -65.700      0.000     0.0000     0.0000 
 136.500     22.174      0.000    -65.700    -60.000     22.671    127.573      0.000    -65.700      0.000     0.0000     0.0000 
 136.800     22.153      0.000    -65.700    -60.000     22.905    123.113      0.000    -65.700      0.000     0.0000     0.0000 
 137.100     22.126      0.000    -65.700    -60.000     23.131    116.838      0.000    -65.700      0.000     0.0000     0.0000 
 137.400     22.100      0.000    -65.700    -60.000     23.350    107.338      0.000    -65.700      0.000     0.0000     0.0000 
 137.700     22.073      0.000    -65.700    -60.000     23.561    104.869      0.000    -65.700      0.000     0.0000     0.0000 
 138.000     22.046      0.000    -65.700    -60.000     23.763    104.488      0.000    -65.700      0.000     0.0000     0.0000 
 138.300     22.020      0.000    -65.700    -60.000     23.958    101.634      0.000    -65.700      0.000     0.0000     0.0000 
 138.600     21.993      0.000    -65.700    -60.000     24.144    104.887      0.000    -65.700      0.000     0.0000     0.0000 
 138.900     21.966      0.000    -65.700    -60.000     24.322    111.857      0.000    -65.700      0.000     0.0000     0.0000 
 139.200     21.940      0.000    -65.700    -60.000     24.491    114.409      0.000    -65.700      0.000     0.0000     0.0000 
 139.500     21.913      0.000    -65.700    -60.000     24.651    120.536      0.000    -65.700      0.000     0.0000     0.0000 
 139.800     21.885      0.000    -65.700    -60.000     24.801    133.804      0.000    -65.700      0.000     0.0000     0.0000 
 140.100     21.852      0.000    -65.700    -60.000     24.943    139.710      0.000    -65.700      0.000     0.0000     0.0000 
 140.400     21.820      0.000    -65.700    -60.000     25.076    142.915      0.000    -65.700      0.000     0.0000     0.0000 
 140.700     21.787      0.000    -65.700    -60.000     25.198    155.638      0.000    -65.700      0.000     0.0000     0.0000 
 141.000     21.755      0.000    -65.700    -60.000     25.312    164.102      0.000    -65.700      0.000     0.0000     0.0000 
 141.300     21.722      0.000    -65.700    -60.000     25.416    161.374      0.000    -65.700      0.000     0.0000     0.0000 
 141.600     21.690      0.000    -65.700    -60.000     25.510    164.758      0.000    -65.700      0.000     0.0000     0.0000 
 141.900     21.657      0.000    -65.700    -60.000     25.595    171.936      0.000    -65.700      0.000     0.0000     0.0000 
 142.200     21.625      0.000    -65.700    -60.000     25.670    166.494      0.000    -65.700      0.000     0.0000     0.0000 
 142.500     21.592      0.000    -65.700    -60.000     25.736    157.898      0.000    -65.700      0.000     0.0000     0.0000 
 142.800     21.556      0.000    -65.700    -60.000     25.791    158.822      0.000    -65.700      0.000     0.0000     0.0000 
 143.100     21.518      0.000    -65.700    -60.000     25.837    153.183      0.000    -65.700      0.000     0.0000     0.0000 
 143.400     21.480      0.000    -65.700    -60.000     25.873    139.821      0.000    -65.700      0.000     0.0000     0.0000 
 143.700     21.441      0.000    -65.700    -60.000     25.900    134.119      0.000    -65.700      0.000     0.0000     0.0000 
 144.000     21.403      0.000    -65.700    -60.000     25.917    130.149      0.000    -65.700      0.000     0.0000     0.0000 
 144.300     21.365      0.000    -65.700    -60.000     25.924    119.443      0.000    -65.700      0.000     0.0000     0.0000 
 144.600     21.327      0.000    -65.700    -60.000     25.922    112.586      0.000    -65.700      0.000     0.0000     0.0000 
 144.900     21.289      0.000    -65.700    -60.000     25.910    111.574      0.000    -65.700      0.000     0.0000     0.0000 
 145.200     21.250      0.000    -65.700    -60.000     25.889    107.352      0.000    -65.700      0.000     0.0000     0.0000 
 145.500     21.212      0.000    -65.700    -60.000     25.858    104.453      0.000    -65.700      0.000     0.0000     0.0000 
 145.800     21.169      0.000    -65.700    -60.000     25.818    108.954      0.000    -65.700      0.000     0.0000     0.0000 
 146.100     21.126      0.000    -65.700    -60.000     25.769    110.676      0.000    -65.700      0.000     0.0000     0.0000 
 146.400     21.082      0.000    -65.700    -60.000     25.711    112.234      0.000    -65.700      0.000     0.0000     0.0000 
 146.700     21.039      0.000    -65.700    -60.000     25.645    122.153      0.000    -65.700      0.000     0.0000     0.0000 
 147.000     20.996      0.000    -65.700    -60.000     25.569    130.022      0.000    -65.700      0.000     0.0000     0.0000 
 147.300     20.953      0.000    -65.700    -60.000     25.485    132.016      0.000    -65.700      0.000     0.0000     0.0000 
 147.600     20.909      0.000    -65.700    -60.000     25.392    141.502      0.000    -65.700      0.000     0.0000     0.0000 
 147.900     20.866      0.000    -65.700    -60.000     25.291    153.468      0.000    -65.700      0.000     0.0000     0.0000 
 148.200     20.823      0.000    -65.700    -60.000     25.182    154.625      0.000    -65.700      0.000     0.0000     0.0000 
 148.500     20.778      0.000    -65.700    -60.000     25.064    156.086      0.000    -65.700      0.000     0.0000     0.0000 
 148.800     20.731      0.000    -65.700    -60.000     24.939    166.168      0.000    -65.700      0.000     0.0000     0.0000 
 149.100     20.684      0.000    -65.700    -60.000     24.807    166.640      0.000    -65.700      0.000     0.0000     0.0000 
 149.400     20.637      0.000    -65.700    -60.000     24.667    159.380      0.000    -65.700      0.000     0.0000     0.0000 
 149.700     20.590      0.000    -65.700    -60.000     24.519    161.049      0.000    -65.700      0.000     0.0000     0.0000 
 150.000     20.543      0.000    -65.700    -60.000     24.365    161.267      0.000    -65.700      0.000     0.0000     0.0000 
 150.300     20.496      0.000    -65.700    -60.000     24.204    150.158      0.000    -65.700      0.000     0.0000     0.0000 
 150.600     20.449      0.000    -65.700    -60.000     24.036    142.761      0.000    -65.700      0.000     0.0000     0.0000 
 150.900     20.402      0.000    -65.700    -60.000     23.862    141.377      0.000    -65.700      0.000     0.0000     0.0000 
 151.200     20.355      0.000    -65.700    -60.000     23.681    132.802      0.000    -65.700      0.000     0.0000     0.0000 
 151.500     20.306      0.000    -65.700    -60.000     23.495    122.092      0.000    -65.700      0.000     0.0000     0.0000 
 151.800     20.257      0.000    -65.700    -60.000     23.303    119.981      0.000    -65.700      0.000     0.0000     0.0000 
 152.100     20.207      0.000    -65.700    -60.000     23.106    115.746      0.000    -65.700      0.000     0.0000     0.0000 
 152.400     20.158      0.000    -65.700    -60.000     22.903    109.001      0.000    -65.700      0.000     0.0000     0.0000 
 152.700     20.108      0.000    -65.700    -60.000     22.695    109.633      0.000    -65.700      0.000     0.0000     0.0000 
 153.000     20.059      0.000    -65.700    -60.000     22.483    111.300      0.000    -65.700      0.000     0.0000     0.0000 
 153.300     20.009      0.000    -65.700    -60.000     22.265    109.578      0.000    -65.700      0.000     0.0000     0.0000 
 153.600     19.960      0.000    -65.700    -60.000     22.044    114.289      0.000    -65.700      0.000     0.0000     0.0000 
 153.900     19.911      0.000    -65.700    -60.000     21.819    122.429      0.000    -65.700      0.000     0.0000     0.0000 
 154.200     19.861      0.000    -65.700    -60.000     21.590    124.544      0.000    -65.700      0.000     0.0000     0.0000 
 154.500     19.811      0.000    -65.700    -60.000     21.358    129.375      0.000    -65.700      0.000     0.0000     0.0000 
 154.800     19.761      0.000    -65.700    -60.000     21.123    141.727      0.000    -65.700      0.000     0.0000     0.0000 
 155.100     19.711      0.000    -65.700    -60.000     20.885    146.199      0.000    -65.700      0.000     0.0000     0.0000 
 155.400     19.661      0.000    -65.700    -60.000     20.644    146.720      0.000    -65.700      0.000     0.0000     0.0000 
 155.700     19.611      0.000    -65.700    -60.000     20.401    156.591      0.000    -65.700      0.000     0.0000     0.0000 
 156.000     19.561      0.000    -65.700    -60.000     20.156    162.948      0.000    -65.700      0.000     0.0000     0.0000 
 156.300     19.511      0.000    -65.700    -60.000     19.909    158.144      0.000    -65.700      0.000     0.0000     0.0000 
 156.600     19.461      0.000    -65.700    -60.000     19.662    158.858      0.000    -65.700      0.000     0.0000     0.0000 
 156.900     19.411      0.000    -65.700    -60.000     19.412    163.916      0.000    -65.700      0.000     0.0000     0.0000 
 157.200     19.361      0.000    -65.700    -60.000     19.162    157.762      0.000    -65.700      0.000     0.0000     0.0000 
 157.500     19.312      0.000    -65.700    -60.000     18.912    148.762      0.000    -65.700      0.000     0.0000     0.0000 
 157.800     19.263      0.000    -65.700    -60.000     18.661    149.035      0.000    -65.700      0.000     0.0000     0.0000 
 158.100     19.214      0.000    -65.700    -60.000     18.409    143.834      0.000    -65.700      0.000     0.0000     0.0000 
 158.400     19.165      0.000    -65.700    -60.000     18.159    132.237      0.000    -65.700      0.000     0.0000     0.0000 
 158.700     19.116      0.000    -65.700    -60.000     17.909    128.245      0.000    -65.700      0.000     0.0000     0.0000 
 159.000     19.067      0.000    -65.700    -60.000     17.659    125.763      0.000    -65.700      0.000     0.0000     0.0000 
 159.300     19.018      0.000    -65.700    -60.000     17.412    117.334      0.000    -65.700      0.000     0.0000     0.0000 
 159.600     18.970      0.000    -65.700    -60.000     17.165    113.407      0.000    -65.700      0.000     0.0000     0.0000 
 159.900     18.921      0.000    -65.700    -60.000     16.920    114.714      0.000    -65.700      0.000     0.0000     0.0000 
 160.200     18.874      0.000    -65.700    -60.000     16.677    112.047      0.000    -65.700      0.000     0.0000     0.0000 
 160.500     18.827      0.000    -65.700    -60.000     16.436    111.011      0.000    -65.700      0.000     0.0000     0.0000 
 160.800     18.781      0.000    -65.700    -60.000     16.198    117.423      0.000    -65.700      0.000     0.0000     0.0000 
 161.100     18.735      0.000    -65.700    -60.000     15.963    119.769      0.000    -65.700      0.000     0.0000     0.0000 
 161.400     18.689      0.000    -65.700    -60.000     15.730    120.961      0.000    -65.700      0.000     0.0000     0.0000 
 161.700     18.643      0.000    -65.700    -60.000     15.500    130.754      0.000    -65.700      0.000     0.0000     0.0000 
 162.000     18.596      0.000    -65.700    -60.000     15.275    138.162      0.000    -65.700      0.000     0.0000     0.0000 
 162.300     18.550      0.000    -65.700    -60.000     15.053    138.380      0.000    -65.700      0.000     0.0000     0.0000 
 162.600     18.504      0.000    -65.700    -60.000     14.834    145.574      0.000    -65.700      0.000     0.0000     0.0000 
 162.900     18.458      0.000    -65.700    -60.000     14.621    155.734      0.000    -65.700      0.000     0.0000     0.0000 
 163.200     18.416      0.000    -65.700    -60.000     14.411    155.042      0.000    -65.700      0.000     0.0000     0.0000 
 163.500     18.374      0.000    -65.700    -60.000     14.206    153.881      0.000    -65.700      0.000     0.0000     0.0000 
 163.800     18.332      0.000    -65.700    -60.000     14.007    161.494      0.000    -65.700      0.000     0.0000     0.0000 
 164.100     18.290      0.000    -65.700    -60.000     13.811    160.572      0.000    -65.700      0.000     0.0000     0.0000 
 164.400     18.248      0.000    -65.700    -60.000     13.621    152.309      0.000    -65.700      0.000     0.0000     0.0000 
 164.700     18.206      0.000    -65.700    -60.000     13.437    152.643      0.000    -65.700      0.000     0.0000     0.0000 
 165.000     18.164      0.000    -65.700    -60.000     13.258    152.255      0.000    -65.700      0.000     0.0000     0.0000 
 165.300     18.122      0.000    -65.700    -60.000     13.085    141.911      0.000    -65.700      0.000     0.0000     0.0000 
 165.600     18.080      0.000    -65.700    -60.000     12.917    135.504      0.000    -65.700      0.000     0.0000     0.0000 
 165.900     18.039      0.000    -65.700    -60.000     12.757    134.890      0.000    -65.700      0.000     0.0000     0.0000 
 166.200     18.003      0.000    -65.700    -60.000     12.602    127.848      0.000    -65.700      0.000     0.0000     0.0000 
 166.500     17.966      0.000    -65.700    -60.000     12.453    119.620      0.000    -65.700      0.000     0.0000     0.0000 
 166.800     17.929      0.000    -65.700    -60.000     12.312    119.705      0.000    -65.700      0.000     0.0000     0.0000 
 167.100     17.892      0.000    -65.700    -60.000     12.176    117.130      0.000    -65.700      0.000     0.0000     0.0000 
 167.400     17.856      0.000    -65.700    -60.000     12.047    112.339      0.000    -65.700      0.000     0.0000     0.0000 
 167.700     17.819      0.000    -65.700    -60.000     11.926    115.239      0.000    -65.700      0.000     0.0000     0.0000 
 168.000     17.782      0.000    -65.700    -60.000     11.811    118.312      0.000    -65.700      0.000     0.0000     0.0000 
 168.300     17.745      0.000    -65.700    -60.000     11.702    116.999      0.000    -65.700      0.000     0.0000     0.0000 
 168.600     17.709      0.000    -65.700    -60.000     11.602    122.233      0.000    -65.700      0.000     0.0000     0.0000 
 168.900     17.676      0.000    -65.700    -60.000     11.508    130.801      0.000    -65.700      0.000     0.0000     0.0000 
 169.200     17.645      0.000    -65.700    -60.000     11.421    132.142      0.000    -65.700      0.000     0.0000     0.0000 
 169.500     17.615      0.000    -65.700    -60.000     11.343    135.376      0.000    -65.700      0.000     0.0000     0.0000 
 169.800     17.584      0.000    -65.700    -60.000     11.271    146.448      0.000    -65.700      0.000     0.0000     0.0000 
 170.100     17.553      0.000    -65.700    -60.000     11.205    149.521      0.000    -65.700      0.000     0.0000     0.0000 
 170.400     17.523      0.000    -65.700    -60.000     11.149    147.814      0.000    -65.700      0.000     0.0000     0.0000 
 170.700     17.492      0.000    -65.700    -60.000     11.099    155.257      0.000    -65.700      0.000     0.0000     0.0000 
 171.000     17.461      0.000    -65.700    -60.000     11.056    159.909      0.000    -65.700      0.000     0.0000     0.0000 
 171.300     17.431      0.000    -65.700    -60.000     11.022    153.760      0.000    -65.700      0.000     0.0000     0.0000 
 171.600     17.400      0.000    -65.700    -60.000     10.993    152.745      0.000    -65.700      0.000     0.0000     0.0000 
 171.900    17.376      0.000    -65.700    -60.000     10.972    156.425      0.000    -65.700      0.000     0.0000     0.0000 
 172.200     17.352      0.000    -65.700    -60.000     10.960    150.116      0.000    -65.700      0.000     0.0000     0.0000 
 172.500     17.328     0.000    -65.700     -60.000     10.954    141.415      0.000    -65.700      0.000     0.0000     0.0000 
 172.800     17.303      0.000    -65.700    -60.000     10.955    141.736      0.000    -65.700      0.000     0.0000     0.0000 
 173.100     17.279      0.000    -65.700    -60.000     10.963    137.259      0.000    -65.700      0.000     0.0000     0.0000 
 173.400     17.255      0.000    -65.700    -60.000     10.980    127.436      0.000    -65.700      0.000     0.0000     0.0000 
 173.700     17.231      0.000    -65.700    -60.000     11.002    125.252      0.000    -65.700      0.000     0.0000     0.0000 
 174.000     17.207      0.000    -65.700    -60.000     11.031    124.210      0.000    -65.700      0.000     0.0000     0.0000 
 174.300     17.183      0.000    -65.700    -60.000     11.069    117.565      0.000    -65.700      0.000     0.0000     0.0000 
 174.600     17.161      0.000    -65.700    -60.000     11.112    115.934      0.000    -65.700      0.000     0.0000     0.0000 
 174.900     17.143      0.000    -65.700    -60.000     11.162    119.062      0.000    -65.700      0.000     0.0000     0.0000 
 175.200     17.126      0.000    -65.700    -60.000     11.220    117.357      0.000    -65.700      0.000     0.0000     0.0000 
 175.500     17.108      0.000    -65.700    -60.000     11.283    117.316      0.000    -65.700      0.000     0.0000     0.0000 
 175.800     17.091      0.000    -65.700    -60.000     11.353    124.833      0.000    -65.700      0.000     0.0000     0.0000 
 176.100     17.073      0.000    -65.700    -60.000     11.430    127.301      0.000    -65.700      0.000     0.0000     0.0000 
 176.400     17.055      0.000    -65.700    -60.000     11.512    127.681      0.000    -65.700      0.000     0.0000     0.0000 
 176.700     17.038      0.000    -65.700    -60.000     11.600    136.789      0.000    -65.700      0.000     0.0000     0.0000 
 177.000     17.020      0.000    -65.700    -60.000     11.696    143.442      0.000    -65.700      0.000     0.0000     0.0000 
 177.300     17.003      0.000    -65.700    -60.000     11.796    142.021      0.000    -65.700      0.000     0.0000     0.0000 
 177.600     16.989      0.000    -65.700    -60.000     11.901    147.101      0.000    -65.700      0.000     0.0000     0.0000 
 177.900     16.978      0.000    -65.700    -60.000     12.014    155.592      0.000    -65.700      0.000     0.0000     0.0000 
 178.200     16.967      0.000    -65.700    -60.000     12.130    153.496      0.000    -65.700      0.000     0.0000     0.0000 
 178.500     16.956      0.000    -65.700    -60.000     12.252    150.472      0.000    -65.700      0.000     0.0000     0.0000 
 178.800     16.945      0.000    -65.700    -60.000     12.380    156.273      0.000    -65.700      0.000     0.0000     0.0000 
 179.100     16.934      0.000    -65.700    -60.000     12.512    154.499      0.000    -65.700      0.000     0.0000     0.0000 
 179.400     16.922      0.000    -65.700    -60.000     12.648    145.923      0.000    -65.700      0.000     0.0000     0.0000 
 179.700     16.911      0.000    -65.700    -60.000     12.788    145.709      0.000    -65.700      0.000     0.0000     0.0000 
 180.000     16.900      0.000    -65.700    -60.000     12.935    145.220      0.000    -65.700      0.000     0.0000     0.0000 
 180.300     16.889      0.000    -65.700    -60.000     13.084    135.871      0.000    -65.700      0.000     0.0000     0.0000 
 180.600     16.884      0.000    -65.700    -60.000     13.237    130.749      0.000    -65.700      0.000     0.0000     0.0000 
 180.900     16.879      0.000    -65.700    -60.000     13.396    131.142      0.000    -65.700      0.000     0.0000     0.0000 
 181.200     16.873      0.000    -65.700    -60.000     13.556    125.467      0.000    -65.700      0.000     0.0000     0.0000 
 181.500     16.868      0.000    -65.700    -60.000     13.720    119.314      0.000    -65.700      0.000     0.0000     0.0000 
 181.800     16.863      0.000    -65.700    -60.000     13.888    121.291      0.000    -65.700      0.000     0.0000     0.0000 
 182.100     16.858      0.000    -65.700    -60.000     14.059    119.974      0.000    -65.700      0.000     0.0000     0.0000 
 182.400     16.852      0.000    -65.700    -60.000     14.231    116.433      0.000    -65.700      0.000     0.0000     0.0000 
 182.700     16.847      0.000    -65.700    -60.000     14.408    120.846      0.000    -65.700      0.000     0.0000     0.0000 
 183.000     16.842      0.000    -65.700    -60.000     14.586    124.777      0.000    -65.700      0.000     0.0000     0.0000 
 183.300     16.838      0.000    -65.700    -60.000     14.766    123.369      0.000    -65.700      0.000     0.0000     0.0000 
 183.600     16.838      0.000    -65.700    -60.000     14.949    128.477      0.000    -65.700      0.000     0.0000     0.0000 
 183.900     16.839      0.000    -65.700    -60.000     15.133    136.957      0.000    -65.700      0.000     0.0000     0.0000 
 184.200     16.839      0.000    -65.700    -60.000     15.318    137.385      0.000    -65.700      0.000     0.0000     0.0000 
 184.500     16.839      0.000    -65.700    -60.000     15.506    138.986      0.000    -65.700      0.000     0.0000     0.0000 
 184.800     16.839      0.000    -65.700    -60.000     15.694    148.672      0.000    -65.700      0.000     0.0000     0.0000 
 185.100     16.839      0.000    -65.700    -60.000     15.883    150.504      0.000    -65.700      0.000     0.0000     0.0000 
 185.400     16.839      0.000    -65.700    -60.000     16.074    147.076      0.000    -65.700      0.000     0.0000     0.0000 
 185.700     16.839      0.000    -65.700    -60.000     16.264    152.591      0.000    -65.700      0.000     0.0000     0.0000 
 186.000     16.839      0.000    -65.700    -60.000     16.454    155.961      0.000    -65.700      0.000     0.0000     0.0000 
 186.300     16.842      0.000    -65.700    -60.000     16.644    149.058      0.000    -65.700      0.000     0.0000     0.0000 
 186.600     16.846      0.000    -65.700    -60.000     16.836    147.077      0.000    -65.700      0.000     0.0000     0.0000 
 186.900     16.851      0.000    -65.700    -60.000     17.025    149.983      0.000    -65.700      0.000     0.0000     0.0000 
 187.200     16.855      0.000    -65.700    -60.000     17.215    143.889      0.000    -65.700      0.000     0.0000     0.0000 
 187.500     16.860      0.000    -65.700    -60.000     17.405    135.910      0.000    -65.700      0.000     0.0000     0.0000 
 187.800     16.864      0.000    -65.700    -60.000     17.592    136.723      0.000    -65.700      0.000     0.0000     0.0000 
 188.100     16.869      0.000    -65.700    -60.000     17.779    133.085      0.000    -65.700      0.000     0.0000     0.0000 
 188.400     16.873      0.000    -65.700    -60.000     17.965    124.875      0.000    -65.700      0.000     0.0000     0.0000 
 188.700     16.878      0.000    -65.700    -60.000     18.149    124.394      0.000    -65.700      0.000     0.0000     0.0000 
 189.000     16.883      0.000    -65.700    -60.000     18.331    124.623      0.000    -65.700      0.000     0.0000     0.0000 
 189.300     16.891      0.000    -65.700    -60.000     18.513    119.275      0.000    -65.700      0.000     0.0000     0.0000 
 189.600     16.899      0.000    -65.700    -60.000     18.691    119.313      0.000    -65.700      0.000     0.0000     0.0000 
 189.900     16.907      0.000    -65.700    -60.000     18.867    123.766      0.000    -65.700      0.000     0.0000     0.0000 
 190.200     16.915      0.000    -65.700    -60.000     19.041    122.554      0.000    -65.700      0.000     0.0000     0.0000 
 190.500     16.923      0.000    -65.700    -60.000     19.212    122.852      0.000    -65.700      0.000     0.0000     0.0000 
 190.800     16.931      0.000    -65.700    -60.000     19.380    130.850      0.000    -65.700      0.000     0.0000     0.0000 
 191.100     16.939      0.000    -65.700    -60.000     19.546    133.109      0.000    -65.700      0.000     0.0000     0.0000 
 191.400     16.947      0.000    -65.700    -60.000     19.709    132.470      0.000    -65.700      0.000     0.0000     0.0000 
 191.700     16.955      0.000    -65.700    -60.000     19.867    140.605      0.000    -65.700      0.000     0.0000     0.0000 
 192.000     16.965      0.000    -65.700    -60.000     20.023    146.388      0.000    -65.700      0.000     0.0000     0.0000 
 192.300     16.976      0.000    -65.700    -60.000     20.175    143.573      0.000    -65.700      0.000     0.0000     0.0000 
 192.600     16.987      0.000    -65.700    -60.000     20.324    146.857      0.000    -65.700      0.000     0.0000     0.0000 
 192.900     16.997      0.000    -65.700    -60.000     20.468    153.926      0.000    -65.700      0.000     0.0000     0.0000 
 193.200     17.008      0.000    -65.700    -60.000     20.609    150.846      0.000    -65.700      0.000     0.0000     0.0000 
 193.500     17.019      0.000    -65.700    -60.000     20.745    146.621      0.000    -65.700      0.000     0.0000     0.0000 
 193.800     17.029      0.000    -65.700    -60.000     20.877    151.203      0.000    -65.700      0.000     0.0000     0.0000 
 194.100     17.040      0.000    -65.700    -60.000     21.006    149.000      0.000    -65.700      0.000     0.0000     0.0000 
 194.400     17.050      0.000    -65.700    -60.000     21.129    140.584      0.000    -65.700      0.000     0.0000     0.0000 
 194.700     17.063      0.000    -65.700    -60.000     21.247    140.376      0.000    -65.700      0.000     0.0000     0.0000 
 195.000     17.075      0.000    -65.700    -60.000     21.362    140.119      0.000    -65.700      0.000     0.0000     0.0000 
 195.300     17.088      0.000    -65.700    -60.000     21.471    131.819      0.000    -65.700      0.000     0.0000     0.0000 
 195.600     17.100      0.000    -65.700    -60.000     21.576    128.050      0.000    -65.700      0.000     0.0000     0.0000 
 195.900     17.113      0.000    -65.700    -60.000     21.676    129.508      0.000    -65.700      0.000     0.0000     0.0000 
 196.200     17.125      0.000    -65.700    -60.000     21.770    124.962      0.000    -65.700      0.000     0.0000     0.0000 
 196.500     17.138      0.000    -65.700    -60.000     21.859    120.426      0.000    -65.700      0.000     0.0000     0.0000 
 196.800     17.150      0.000    -65.700    -60.000     21.943    123.919      0.000    -65.700      0.000     0.0000     0.0000 
 197.100     17.163      0.000    -65.700    -60.000     22.023    123.482      0.000    -65.700      0.000     0.0000     0.0000 
 197.400     17.176      0.000    -65.700    -60.000     22.096    120.619      0.000    -65.700      0.000     0.0000     0.0000 
 197.700     17.190      0.000    -65.700    -60.000     22.165    125.917      0.000    -65.700      0.000     0.0000     0.0000 
 198.000     17.204      0.000    -65.700    -60.000     22.228    130.271      0.000    -65.700      0.000     0.0000     0.0000 
 198.300     17.217      0.000    -65.700    -60.000     22.286    128.455      0.000    -65.700      0.000     0.0000     0.0000 
 198.600     17.231      0.000    -65.700    -60.000     22.338    133.035      0.000    -65.700      0.000     0.0000     0.0000 
 198.900     17.244      0.000    -65.700    -60.000     22.385    141.105      0.000    -65.700      0.000     0.0000     0.0000 
 199.200     17.258      0.000    -65.700    -60.000     22.426    140.620      0.000    -65.700      0.000     0.0000     0.0000 
 199.500     17.271      0.000    -65.700    -60.000     22.461    140.722      0.000    -65.700      0.000     0.0000     0.0000 
 199.800     17.285      0.000    -65.700    -60.000     22.492    149.088      0.000    -65.700      0.000     0.0000     0.0000 