   0.200      0.000    -65.430    -65.430    -59.005      0.001      0.003      0.000    -65.700    500.000     0.0000     0.0000 
   0.400      0.000    -65.163    -65.163    -58.031      0.002      0.035      0.000    -65.700    500.000     0.0000     0.0000 
   0.600      0.000    -64.901    -64.901    -57.077      0.003      0.244      0.000    -65.700    500.000     0.0000     0.0000 
   0.800      0.000    -64.642    -64.642    -56.144      0.006      1.354      0.000    -65.700    500.000     0.0000     0.0000 
   1.000      0.000    -64.386    -64.386    -55.230      0.011      5.810      0.000    -65.700    500.000     0.0000     0.0000 
   1.200      0.000    -64.134    -64.134    -54.336      0.019     19.778      0.000    -65.700    500.000     0.0000     0.0000 
   1.400      0.000    -63.886    -63.886    -53.463      0.031     54.675      0.000    -65.700    500.000     0.0000     0.0000 
   1.600      0.000    -63.641    -63.641    -52.608      0.051    124.595      0.000    -65.700    500.000     0.0000     0.0000 
   1.800      0.000    -63.399    -63.399    -51.774      0.082    237.072      0.000    -65.700    500.000     0.0000     0.0000 
   2.000      0.000    -63.161    -63.161    -50.959      0.130    381.229      0.000    -65.700    500.000     0.0000     0.0000 
   2.200      0.000    -62.926    -62.926    -50.164      0.201    524.364      0.000    -65.700    500.000     0.0000     0.0000 
   2.400      0.000    -62.694    -62.694    -49.389      0.308    624.643      0.000    -65.700    500.000     0.0000     0.0000 
   2.600      0.000    -62.466    -62.466    -48.634      0.480    653.028      0.000    -65.700    500.000     0.0000     0.0000 
   2.800      0.000    -62.240    -62.240    -47.899      0.714    607.789      0.000    -65.700    500.000     0.0000     0.0000 
   3.000      0.000    -62.018    -62.018    -47.185      1.034    511.512      0.000    -65.700    500.000     0.0000     0.0000 
   3.200      0.000    -61.799    -61.799    -46.492      1.464    395.883      0.000    -65.700    500.000     0.0000     0.0000 
   3.400      0.000    -61.583    -61.583    -45.820      2.035    286.750      0.000    -65.700    500.000     0.0000     0.0000 
   3.600      0.000    -61.369    -61.369    -45.170      2.781    197.776      0.000    -65.700    500.000     0.0000     0.0000 
   3.800      0.000    -61.159    -61.159    -44.542      3.739    131.939      0.000    -65.700    500.000     0.0000     0.0000 
   4.000      0.000    -60.952    -60.952    -43.937      4.952     86.230      0.000    -65.700    500.000     0.0000     0.0000 
   4.200      0.000    -60.748    -60.748    -43.356      6.462     55.721      0.000    -65.700    500.000     0.0000     0.0000 
   4.400      0.000    -60.546    -60.546    -42.799      8.315     35.803      0.000    -65.700    500.000     0.0000     0.0000 
   4.600      0.000    -60.347    -60.347    -42.267     10.554     22.948      0.000    -65.700    500.000     0.0000     0.0000 
   4.800      0.000    -60.151    -60.151    -41.761     13.222     14.695      0.000    -65.700    500.000     0.0000     0.0000 
   5.000      0.000    -59.958    -59.958    -41.281     16.357      9.407      0.000    -65.700    500.000     0.0000     0.0000 
   5.200      0.000    -59.767    -59.767    -40.829     19.989      6.025      0.000    -65.700    500.000     0.0000     0.0000 
   5.400      0.000    -59.579    -59.579    -40.404     24.140      3.869      0.000    -65.700    500.000     0.0000     0.0000 
   5.600      0.000    -59.394    -59.394    -40.008     28.822      2.522      0.000    -65.700    500.000     0.0000     0.0000 
   5.800      0.000    -59.211    -59.211    -39.640     34.034      1.774      0.000    -65.700    500.000     0.0000     0.0000 
   6.000      0.000    -59.031    -59.031    -39.303     39.762      1.614      0.000    -65.700    500.000     0.0000     0.0000 
   6.200      0.000    -58.853    -58.853    -38.995     45.974      2.478      0.000    -65.700    500.000     0.0000     0.0000 
   6.400      0.000    -58.677    -58.677    -38.718     52.627      5.178      0.000    -65.700    500.000     0.0000     0.0000 
   6.600      0.000    -58.504    -58.504    -38.471     59.661     11.084      0.000    -65.700    500.000     0.0000     0.0000 
   6.800      0.000    -58.334    -58.334    -38.254     67.000     22.250      0.000    -65.700    500.000     0.0000     0.0000 
   7.000      0.000    -58.166    -58.166    -38.066     74.559     40.127      0.000    -65.700    500.000     0.0000     0.0000 
   7.200      0.000    -58.000    -58.000    -37.909     82.242     65.995      0.000    -65.700    500.000     0.0000     0.0000 
   7.400      0.000    -57.836    -57.836    -37.780     89.941     99.906      0.000    -65.700    500.000     0.0000     0.0000 
   7.600      0.000    -57.675    -57.675    -37.678     97.549    140.090      0.000    -65.700    500.000     0.0000     0.0000 
   7.800      0.000    -57.516    -57.516    -37.604    104.951    183.788      0.000    -65.700    500.000     0.0000     0.0000 
   8.000      0.000    -57.359    -57.359    -37.554    112.037    227.860      0.000    -65.700    500.000     0.0000     0.0000 
   8.200      0.000    -57.204    -57.204    -37.528    118.701    269.005      0.000    -65.700    500.000     0.0000     0.0000 
   8.400      0.000    -57.052    -57.052    -37.525    124.841    303.993      0.000    -65.700    500.000     0.0000     0.0000 
   8.600      0.000    -56.901    -56.901    -37.542    130.369    330.577      0.000    -65.700    500.000     0.0000     0.0000 
   8.800      0.000    -56.753    -56.753    -37.577    135.208    347.375      0.000    -65.700    500.000     0.0000     0.0000 
   9.000      0.000    -56.607    -56.607    -37.628    139.293    353.903      0.000    -65.700    500.000     0.0000     0.0000 
   9.200      0.000    -56.462    -56.462    -37.694    142.574    350.561      0.000    -65.700    500.000     0.0000     0.0000 
   9.400      0.000    -56.320    -56.320    -37.773    145.020    337.807      0.000    -65.700    500.000     0.0000     0.0000 
   9.600      0.000    -56.180    -56.180    -37.862    146.614    316.503      0.000    -65.700    500.000     0.0000     0.0000 
   9.800      0.000    -56.041    -56.041    -37.959    147.355    288.499      0.000    -65.700    500.000     0.0000     0.0000 
  10.000      0.000    -55.905    -55.905    -38.063    147.257    255.877      0.000    -65.700    500.000     0.0000     0.0000 
  10.200      0.000    -55.770    -55.770    -38.172    146.347    220.807      0.000    -65.700    500.000     0.0000     0.0000 
  10.400      0.000    -55.638    -55.638    -38.284    144.665    185.526      0.000    -65.700    500.000     0.0000     0.0000 
  10.600      0.000    -55.507    -55.507    -38.397    142.261    152.008      0.000    -65.700    500.000     0.0000     0.0000 
  10.800      0.000    -55.378    -55.378    -38.511    139.196    121.631      0.000    -65.700    500.000     0.0000     0.0000 
  11.000      0.000    -55.251    -55.251    -38.624    135.534     95.255      0.000    -65.700    500.000     0.0000     0.0000 
  11.200      0.000    -55.125    -55.125    -38.735    131.348     73.254      0.000    -65.700    500.000     0.0000     0.0000 
  11.400      0.000    -55.001    -55.001    -38.843    126.710     55.599      0.000    -65.700    500.000     0.0000     0.0000 
  11.600      0.000    -54.879    -54.879    -38.947    121.697     41.944      0.000    -65.700    500.000     0.0000     0.0000 
  11.800      0.000    -54.759    -54.759    -39.047    116.382     31.746      0.000    -65.700    500.000     0.0000     0.0000 
  12.000      0.000    -54.640    -54.640    -39.142    110.837     24.578      0.000    -65.700    500.000     0.0000     0.0000 
  12.200      0.000    -54.523    -54.523    -39.231    105.133     20.232      0.000    -65.700    500.000     0.0000     0.0000 
  12.400      0.000    -54.408    -54.408    -39.315     99.335     18.839      0.000    -65.700    500.000     0.0000     0.0000 
  12.600      0.000    -54.294    -54.294    -39.392     93.506     20.948      0.000    -65.700    500.000     0.0000     0.0000 
  12.800      0.000    -54.182    -54.182    -39.464     87.697     27.060      0.000    -65.700    500.000     0.0000     0.0000 
  13.000      0.000    -54.071    -54.071    -39.530     81.959     37.718      0.000    -65.700    500.000     0.0000     0.0000 
  13.200      0.000    -53.962    -53.962    -39.589     76.337     53.289      0.000    -65.700    500.000     0.0000     0.0000 
  13.400      0.000    -53.854    -53.854    -39.643     70.865     73.578      0.000    -65.700    500.000     0.0000     0.0000 
  13.600      0.000    -53.748    -53.748    -39.691     65.576     97.842      0.000    -65.700    500.000     0.0000     0.0000 
  13.800      0.000    -53.643    -53.643    -39.734     60.496    124.880      0.000    -65.700    500.000     0.0000     0.0000 
  14.000      0.000    -53.540    -53.540    -39.771     55.642    153.476      0.000    -65.700    500.000     0.0000     0.0000 
  14.200      0.000    -53.438    -53.438    -39.803     51.032    181.949      0.000    -65.700    500.000     0.0000     0.0000 
  14.400      0.000    -53.338    -53.338    -39.830     46.674    208.547      0.000    -65.700    500.000     0.0000     0.0000 
  14.600      0.000    -53.239    -53.239    -39.853     42.577    231.961      0.000    -65.700    500.000     0.0000     0.0000 
  14.800      0.000    -53.141    -53.141    -39.871     38.740    251.416      0.000    -65.700    500.000     0.0000     0.0000 
  15.000      0.000    -53.045    -53.045    -39.886     35.166    266.367      0.000    -65.700    500.000     0.0000     0.0000 
  15.200      0.000    -52.950    -52.950    -39.897     31.850    276.440      0.000    -65.700    500.000     0.0000     0.0000 
  15.400      0.000    -52.856    -52.856    -39.905     28.788    281.570      0.000    -65.700    500.000     0.0000     0.0000 
  15.600      0.000    -52.764    -52.764    -39.909     25.972    281.770      0.000    -65.700    500.000     0.0000     0.0000 
  15.800      0.000    -52.673    -52.673    -39.911     23.395    277.137      0.000    -65.700    500.000     0.0000     0.0000 
  16.000      0.000    -52.583    -52.583    -39.911     21.048    268.015      0.000    -65.700    500.000     0.0000     0.0000 
  16.200      0.000    -52.494    -52.494    -39.908     18.921    254.715      0.000    -65.700    500.000     0.0000     0.0000 
  16.400      0.000    -52.407    -52.407    -39.904     17.006    237.664      0.000    -65.700    500.000     0.0000     0.0000 
  16.600      0.000    -52.321    -52.321    -39.898     15.294    217.516      0.000    -65.700    500.000     0.0000     0.0000 
  16.800      0.000    -52.236    -52.236    -39.890     13.775    195.305      0.000    -65.700    500.000     0.0000     0.0000 
  17.000      0.000    -52.152    -52.152    -39.881     12.442    172.286      0.000    -65.700    500.000     0.0000     0.0000 
  17.200      0.000    -52.069    -52.069    -39.872     11.287    149.569      0.000    -65.700    500.000     0.0000     0.0000 
  17.400      0.000    -51.988    -51.988    -39.861     10.304    128.158      0.000    -65.700    500.000     0.0000     0.0000 
  17.600      0.000    -51.907    -51.907    -39.851      9.487    108.809      0.000    -65.700    500.000     0.0000     0.0000 
  17.800      0.000    -51.828    -51.828    -39.839      8.833     91.928      0.000    -65.700    500.000     0.0000     0.0000 
  18.000      0.000    -51.750    -51.750    -39.828      8.338     77.761      0.000    -65.700    500.000     0.0000     0.0000 
  18.200      0.000    -51.673    -51.673    -39.816      8.000     66.328      0.000    -65.700    500.000     0.0000     0.0000 
  18.400      0.000    -51.597    -51.597    -39.804      7.818     57.655      0.000    -65.700    500.000     0.0000     0.0000 
  18.600      0.000    -51.522    -51.522    -39.793      7.792     51.879      0.000    -65.700    500.000     0.0000     0.0000 
  18.800      0.000    -51.448    -51.448    -39.781      7.922     49.265      0.000    -65.700    500.000     0.0000     0.0000 
  19.000      0.000    -51.375    -51.375    -39.770      8.211     50.166      0.000    -65.700    500.000     0.0000     0.0000 
  19.200      0.000    -51.303    -51.303    -39.759      8.661     54.856      0.000    -65.700    500.000     0.0000     0.0000 
  19.400      0.000    -51.233    -51.233    -39.749      9.274     63.397      0.000    -65.700    500.000     0.0000     0.0000 
  19.600      0.000    -51.163    -51.163    -39.739     10.053     75.597      0.000    -65.700    500.000     0.0000     0.0000 
  19.800      0.000    -51.094    -51.094    -39.730     11.002     91.075      0.000    -65.700    500.000     0.0000     0.0000 
  20.000      0.000    -51.026    -51.026    -39.721     12.123    109.226      0.000    -65.700    500.000     0.0000     0.0000 
  20.200      0.000    -50.959    -50.959    -39.712     13.419    129.140      0.000    -65.700    500.000     0.0000     0.0000 
  20.400      0.000    -50.893    -50.893    -39.705     14.892    149.838      0.000    -65.700    500.000     0.0000     0.0000 
  20.600      0.000    -50.827    -50.827    -39.698     16.542    170.178      0.000    -65.700    500.000     0.0000     0.0000 
  20.800      0.000    -50.763    -50.763    -39.691     18.371    189.036      0.000    -65.700    500.000     0.0000     0.0000 
  21.000      0.000    -50.700    -50.700    -39.685     20.377    205.567      0.000    -65.700    500.000     0.0000     0.0000 
  21.200      0.000    -50.637    -50.637    -39.680     22.558    219.329      0.000    -65.700    500.000     0.0000     0.0000 
  21.400      0.000    -50.576    -50.576    -39.675     24.910    230.148      0.000    -65.700    500.000     0.0000     0.0000 
  21.600      0.000    -50.515    -50.515    -39.671     27.428    237.903      0.000    -65.700    500.000     0.0000     0.0000 
  21.800      0.000    -50.455    -50.455    -39.667     30.104    242.457      0.000    -65.700    500.000     0.0000     0.0000 
  22.000      0.000    -50.396    -50.396    -39.664     32.930    243.837      0.000    -65.700    500.000     0.0000     0.0000 
  22.200      0.000    -50.337    -50.337    -39.661     35.895    242.074      0.000    -65.700    500.000     0.0000     0.0000 
  22.400      0.000    -50.280    -50.280    -39.659     38.987    237.215      0.000    -65.700    500.000     0.0000     0.0000 
  22.600      0.000    -50.223    -50.223    -39.657     42.191    229.426      0.000    -65.700    500.000     0.0000     0.0000 
  22.800      0.000    -50.167    -50.167    -39.655     45.491    218.998      0.000    -65.700    500.000     0.0000     0.0000 
  23.000      0.000    -50.112    -50.112    -39.654     48.871    206.233      0.000    -65.700    500.000     0.0000     0.0000 
  23.200      0.000    -50.058    -50.058    -39.654     52.310    191.555      0.000    -65.700    500.000     0.0000     0.0000 
  23.400      0.000    -50.004    -50.004    -39.653     55.790    175.598      0.000    -65.700    500.000     0.0000     0.0000 
  23.600      0.000    -49.951    -49.951    -39.653     59.289    159.135      0.000    -65.700    500.000     0.0000     0.0000 
  23.800      0.000    -49.899    -49.899    -39.653     62.786    143.003      0.000    -65.700    500.000     0.0000     0.0000 
  24.000      0.000    -49.848    -49.848    -39.653     66.257    127.991      0.000    -65.700    500.000     0.0000     0.0000 
  24.200      0.000    -49.797    -49.797    -39.654     69.680    114.575      0.000    -65.700    500.000     0.0000     0.0000 
  24.400      0.000    -49.747    -49.747    -39.654     73.032    102.974      0.000    -65.700    500.000     0.0000     0.0000 
  24.600      0.000    -49.697    -49.697    -39.655     76.290     93.304      0.000    -65.700    500.000     0.0000     0.0000 
  24.800      0.000    -49.649    -49.649    -39.656     79.432     85.671      0.000    -65.700    500.000     0.0000     0.0000 
  25.000      0.000    -49.601    -49.601    -39.657     82.437     80.236      0.000    -65.700    500.000     0.0000     0.0000 
  25.200      0.000    -49.554    -49.554    -39.658     85.284     77.222      0.000    -65.700    500.000     0.0000     0.0000 
  25.400      0.000    -49.507    -49.507    -39.659     87.953     76.876      0.000    -65.700    500.000     0.0000     0.0000 
  25.600      0.000    -49.461    -49.461    -39.661     90.426     79.390      0.000    -65.700    500.000     0.0000     0.0000 
  25.800      0.000    -49.415    -49.415    -39.662     92.687     84.828      0.000    -65.700    500.000     0.0000     0.0000 
  26.000      0.000    -49.371    -49.371    -39.663     94.722     93.075      0.000    -65.700    500.000     0.0000     0.0000 
  26.200      0.000    -49.327    -49.327    -39.664     96.517    103.850      0.000    -65.700    500.000     0.0000     0.0000 
  26.400      0.000    -49.283    -49.283    -39.665     98.061    116.694      0.000    -65.700    500.000     0.0000     0.0000 
  26.600      0.000    -49.240    -49.240    -39.667     99.347    130.966      0.000    -65.700    500.000     0.0000     0.0000 
  26.800      0.000    -49.198    -49.198    -39.668    100.368    145.990      0.000    -65.700    500.000     0.0000     0.0000 
  27.000      0.000    -49.156    -49.156    -39.669    101.119    160.938      0.000    -65.700    500.000     0.0000     0.0000 
  27.200      0.000    -49.115    -49.115    -39.670    101.598    174.972      0.000    -65.700    500.000     0.0000     0.0000 
  27.400      0.000    -49.074    -49.074    -39.671    101.808    187.421      0.000    -65.700    500.000     0.0000     0.0000 
  27.600      0.000    -49.034    -49.034    -39.672    101.748    197.899      0.000    -65.700    500.000     0.0000     0.0000 
  27.800      0.000    -48.995    -48.995    -39.673    101.424    206.273      0.000    -65.700    500.000     0.0000     0.0000 
  28.000      0.000    -48.956    -48.956    -39.674    100.844    212.517      0.000    -65.700    500.000     0.0000     0.0000 
  28.200      0.000    -48.918    -48.918    -39.674    100.014    216.597      0.000    -65.700    500.000     0.0000     0.0000 
  28.400      0.000    -48.880    -48.880    -39.675     98.946    218.423      0.000    -65.700    500.000     0.0000     0.0000 
  28.600      0.000    -48.842    -48.842    -39.676     97.650    218.001      0.000    -65.700    500.000     0.0000     0.0000 
  28.800      0.000    -48.806    -48.806    -39.677     96.140    215.387      0.000    -65.700    500.000     0.0000     0.0000 
  29.000      0.000    -48.769    -48.769    -39.677     94.430    210.648      0.000    -65.700    500.000     0.0000     0.0000 
  29.200      0.000    -48.733    -48.733    -39.678     92.536    203.902      0.000    -65.700    500.000     0.0000     0.0000 
  29.400      0.000    -48.698    -48.698    -39.678     90.473    195.369      0.000    -65.700    500.000     0.0000     0.0000 
  29.600      0.000    -48.663    -48.663    -39.678     88.259    185.383      0.000    -65.700    500.000     0.0000     0.0000 
  29.800      0.000    -48.629    -48.629    -39.679     85.910    174.320      0.000    -65.700    500.000     0.0000     0.0000 
  30.000      0.000    -48.595    -48.595    -39.679     83.444    162.664      0.000    -65.700    500.000     0.0000     0.0000 
  30.200      0.000    -48.562    -48.562    -39.679     80.879    151.002      0.000    -65.700    500.000     0.0000     0.0000 
  30.400      0.000    -48.529    -48.529    -39.679     78.233    139.822      0.000    -65.700    500.000     0.0000     0.0000 
  30.600      0.000    -48.496    -48.496    -39.680     75.522    129.450      0.000    -65.700    500.000     0.0000     0.0000 
  30.800      0.000    -48.464    -48.464    -39.680     72.765    120.182      0.000    -65.700    500.000     0.0000     0.0000 
  31.000      0.000    -48.433    -48.433    -39.680     69.976    112.250      0.000    -65.700    500.000     0.0000     0.0000 
  31.200      0.000    -48.402    -48.402    -39.680     67.174    105.833      0.000    -65.700    500.000     0.0000     0.0000 
  31.400      0.000    -48.371    -48.371    -39.680     64.373    101.087      0.000    -65.700    500.000     0.0000     0.0000 
  31.600      0.000    -48.341    -48.341    -39.680     61.589     98.170      0.000    -65.700    500.000     0.0000     0.0000 
  31.800      0.000    -48.311    -48.311    -39.680     58.834     97.232      0.000    -65.700    500.000     0.0000     0.0000 
  32.000      0.000    -48.281    -48.281    -39.680     56.123     98.396      0.000    -65.700    500.000     0.0000     0.0000 
  32.200      0.000    -48.252    -48.252    -39.680     53.469    101.706      0.000    -65.700    500.000     0.0000     0.0000 
  32.400      0.000    -48.224    -48.224    -39.680     50.882    107.096      0.000    -65.700    500.000     0.0000     0.0000 
  32.600      0.000    -48.195    -48.195    -39.679     48.373    114.391      0.000    -65.700    500.000     0.0000     0.0000 
  32.800      0.000    -48.167    -48.167    -39.679     45.953    123.302      0.000    -65.700    500.000     0.0000     0.0000 
  33.000      0.000    -48.140    -48.140    -39.679     43.631    133.413      0.000    -65.700    500.000     0.0000     0.0000 
  33.200      0.000    -48.113    -48.113    -39.679     41.414    144.272      0.000    -65.700    500.000     0.0000     0.0000 
  33.400      0.000    -48.086    -48.086    -39.679     39.311    155.279      0.000    -65.700    500.000     0.0000     0.0000 
  33.600      0.000    -48.060    -48.060    -39.679     37.328    165.795      0.000    -65.700    500.000     0.0000     0.0000 
  33.800      0.000    -48.034    -48.034    -39.679     35.471    175.278      0.000    -65.700    500.000     0.0000     0.0000 
  34.000      0.000    -48.008    -48.008    -39.679     33.746    183.373      0.000    -65.700    500.000     0.0000     0.0000 
  34.200      0.000    -47.983    -47.983    -39.678     32.158    189.943      0.000    -65.700    500.000     0.0000     0.0000 
  34.400      0.000    -47.958    -47.958    -39.678     30.711    194.967      0.000    -65.700    500.000     0.0000     0.0000 
  34.600      0.000    -47.933    -47.933    -39.678     29.408    198.453      0.000    -65.700    500.000     0.0000     0.0000 
  34.800      0.000    -47.909    -47.909    -39.678     28.252    200.389      0.000    -65.700    500.000     0.0000     0.0000 
  35.000      0.000    -47.885    -47.885    -39.678     27.247    200.706      0.000    -65.700    500.000     0.0000     0.0000 
  35.200      0.000    -47.862    -47.862    -39.678     26.392    199.379      0.000    -65.700    500.000     0.0000     0.0000 
  35.400      0.000    -47.839    -47.839    -39.678     25.692    196.482      0.000    -65.700    500.000     0.0000     0.0000 
  35.600      0.000    -47.816    -47.816    -39.678     25.145    192.110      0.000    -65.700    500.000     0.0000     0.0000 
  35.800      0.000    -47.793    -47.793    -39.678     24.752    186.397      0.000    -65.700    500.000     0.0000     0.0000 
  36.000      0.000    -47.771    -47.771    -39.677     24.514    179.542      0.000    -65.700    500.000     0.0000     0.0000 
  36.200      0.000    -47.749    -47.749    -39.677     24.430    171.821      0.000    -65.700    500.000     0.0000     0.0000 
  36.400      0.000    -47.727    -47.727    -39.677     24.498    163.575      0.000    -65.700    500.000     0.0000     0.0000 
  36.600      0.000    -47.706    -47.706    -39.677     24.717    155.162      0.000    -65.700    500.000     0.0000     0.0000 
  36.800      0.000    -47.685    -47.685    -39.677     25.086    146.844      0.000    -65.700    500.000     0.0000     0.0000 
  37.000      0.000    -47.664    -47.664    -39.677     25.601    138.927      0.000    -65.700    500.000     0.0000     0.0000 
  37.200      0.000    -47.643    -47.643    -39.677     26.258    131.689      0.000    -65.700    500.000     0.0000     0.0000 
  37.400      0.000    -47.623    -47.623    -39.677     27.055    125.368      0.000    -65.700    500.000     0.0000     0.0000 
  37.600      0.000    -47.603    -47.603    -39.677     27.988    120.146      0.000    -65.700    500.000     0.0000     0.0000 
  37.800      0.000    -47.583    -47.583    -39.677     29.050    116.157      0.000    -65.700    500.000     0.0000     0.0000 
  38.000      0.000    -47.564    -47.564    -39.677     30.237    113.515      0.000    -65.700    500.000     0.0000     0.0000 
  38.200      0.000    -47.545    -47.545    -39.677     31.543    112.318      0.000    -65.700    500.000     0.0000     0.0000 
  38.400      0.000    -47.526    -47.526    -39.677     32.961    112.650      0.000    -65.700    500.000     0.0000     0.0000 
  38.600      0.000    -47.508    -47.508    -39.677     34.484    114.553      0.000    -65.700    500.000     0.0000     0.0000 
  38.800      0.000    -47.489    -47.489    -39.677     36.105    118.000      0.000    -65.700    500.000     0.0000     0.0000 
  39.000      0.000    -47.471    -47.471    -39.677     37.815    122.886      0.000    -65.700    500.000     0.0000     0.0000 
  39.200      0.000    -47.453    -47.453    -39.677     39.606    129.036      0.000    -65.700    500.000     0.0000     0.0000 
  39.400      0.000    -47.436    -47.436    -39.677     41.468    136.187      0.000    -65.700    500.000     0.0000     0.0000 
  39.600      0.000    -47.418    -47.418    -39.677     43.393    144.045      0.000    -65.700    500.000     0.0000     0.0000 
  39.800      0.000    -47.401    -47.401    -39.677     45.370    152.173      0.000    -65.700    500.000     0.0000     0.0000 
  40.000      0.000    -47.384    -47.384    -39.677     47.390    160.074      0.000    -65.700    500.000     0.0000     0.0000 
  40.200      0.000    -47.368    -47.368    -39.677     49.441    167.316      0.000    -65.700    500.000     0.0000     0.0000 
  40.400      0.000    -47.351    -47.351    -39.677     51.513    173.588      0.000    -65.700    500.000     0.0000     0.0000 
  40.600      0.000    -47.335    -47.335    -39.677     53.596    178.746      0.000    -65.700    500.000     0.0000     0.0000 
  40.800      0.000    -47.319    -47.319    -39.677     55.678    182.765      0.000    -65.700    500.000     0.0000     0.0000 
  41.000      0.000    -47.303    -47.303    -39.677     57.750    185.662      0.000    -65.700    500.000     0.0000     0.0000 
  41.200      0.000    -47.288    -47.288    -39.677     59.799    187.448      0.000    -65.700    500.000     0.0000     0.0000 
  41.400      0.000    -47.273    -47.273    -39.677     61.816    188.100      0.000    -65.700    500.000     0.0000     0.0000 
  41.600      0.000    -47.258    -47.258    -39.677     63.790    187.590      0.000    -65.700    500.000     0.0000     0.0000 
  41.800      0.000    -47.243    -47.243    -39.677     65.711    185.892      0.000    -65.700    500.000     0.0000     0.0000 
  42.000      0.000    -47.228    -47.228    -39.677     67.569    183.038      0.000    -65.700    500.000     0.0000     0.0000 
  42.200      0.000    -47.214    -47.214    -39.677     69.354    179.139      0.000    -65.700    500.000     0.0000     0.0000 
  42.400      0.000    -47.199    -47.199    -39.677     71.058    174.365      0.000    -65.700    500.000     0.0000     0.0000 
  42.600      0.000    -47.185    -47.185    -39.677     72.672    168.921      0.000    -65.700    500.000     0.0000     0.0000 
  42.800      0.000    -47.171    -47.171    -39.677     74.188    163.011      0.000    -65.700    500.000     0.0000     0.0000 
  43.000      0.000    -47.158    -47.158    -39.677     75.598    156.819      0.000    -65.700    500.000     0.0000     0.0000 
  43.200      0.000    -47.144    -47.144    -39.677     76.896    150.626      0.000    -65.700    500.000     0.0000     0.0000 
  43.400      0.000    -47.131    -47.131    -39.677     78.076    144.703      0.000    -65.700    500.000     0.0000     0.0000 
  43.600      0.000    -47.118    -47.118    -39.677     79.133    139.253      0.000    -65.700    500.000     0.0000     0.0000 
  43.800      0.000    -47.105    -47.105    -39.677     80.061    134.422      0.000    -65.700    500.000     0.0000     0.0000 
  44.000      0.000    -47.092    -47.092    -39.677     80.856    130.332      0.000    -65.700    500.000     0.0000     0.0000 
  44.200      0.000    -47.079    -47.079    -39.677     81.518    127.095      0.000    -65.700    500.000     0.0000     0.0000 
  44.400      0.000    -47.067    -47.067    -39.677     82.042    124.801      0.000    -65.700    500.000     0.0000     0.0000 
  44.600      0.000    -47.055    -47.055    -39.677     82.427    123.537      0.000    -65.700    500.000     0.0000     0.0000 
  44.800      0.000    -47.043    -47.043    -39.677     82.672    123.372      0.000    -65.700    500.000     0.0000     0.0000 
  45.000      0.000    -47.031    -47.031    -39.677     82.779    124.355      0.000    -65.700    500.000     0.0000     0.0000 
  45.200      0.000    -47.019    -47.019    -39.677     82.748    126.489      0.000    -65.700    500.000     0.0000     0.0000 
  45.400      0.000    -47.007    -47.007    -39.677     82.580    129.719      0.000    -65.700    500.000     0.0000     0.0000 
  45.600      0.000    -46.996    -46.996    -39.677     82.279    133.941      0.000    -65.700    500.000     0.0000     0.0000 
  45.800      0.000    -46.985    -46.985    -39.677     81.847    138.999      0.000    -65.700    500.000     0.0000     0.0000 
  46.000      0.000    -46.974    -46.974    -39.677     81.289    144.702      0.000    -65.700    500.000     0.0000     0.0000 
  46.200      0.000    -46.963    -46.963    -39.677     80.609    150.719      0.000    -65.700    500.000     0.0000     0.0000 
  46.400      0.000    -46.952    -46.952    -39.677     79.812    156.664      0.000    -65.700    500.000     0.0000     0.0000 
  46.600      0.000    -46.941    -46.941    -39.677     78.905    162.191      0.000    -65.700    500.000     0.0000     0.0000 
  46.800      0.000    -46.931    -46.931    -39.677     77.894    167.043      0.000    -65.700    500.000     0.0000     0.0000 
  47.000      0.000    -46.920    -46.920    -39.677     76.785    171.080      0.000    -65.700    500.000     0.0000     0.0000 
  47.200      0.000    -46.910    -46.910    -39.677     75.586    174.267      0.000    -65.700    500.000     0.0000     0.0000 
  47.400      0.000    -46.900    -46.900    -39.677     74.305    176.626      0.000    -65.700    500.000     0.0000     0.0000 
  47.600      0.000    -46.890    -46.890    -39.677     72.950    178.172      0.000    -65.700    500.000     0.0000     0.0000 
  47.800      0.000    -46.880    -46.880    -39.677     71.528    178.901      0.000    -65.700    500.000     0.0000     0.0000 
  48.000      0.000    -46.871    -46.871    -39.677     70.049    178.791      0.000    -65.700    500.000     0.0000     0.0000 
  48.200      0.000    -46.861    -46.861    -39.677     68.522    177.829      0.000    -65.700    500.000     0.0000     0.0000 
  48.400      0.000    -46.852    -46.852    -39.677     66.953    176.023      0.000    -65.700    500.000     0.0000     0.0000 
  48.600      0.000    -46.843    -46.843    -39.677     65.354    173.414      0.000    -65.700    500.000     0.0000     0.0000 
  48.800      0.000    -46.833    -46.833    -39.677     63.731    170.074      0.000    -65.700    500.000     0.0000     0.0000 
  49.000      0.000    -46.824    -46.824    -39.677     62.095    166.126      0.000    -65.700    500.000     0.0000     0.0000 
  49.200      0.000    -46.816    -46.816    -39.677     60.454    161.746      0.000    -65.700    500.000     0.0000     0.0000 
  49.400      0.000    -46.807    -46.807    -39.677     58.816    157.155      0.000    -65.700    500.000     0.0000     0.0000 
  49.600      0.000    -46.798    -46.798    -39.677     57.189    152.586      0.000    -65.700    500.000     0.0000     0.0000 
  49.800      0.000    -46.790    -46.790    -39.677     55.582    148.240      0.000    -65.700    500.000     0.0000     0.0000 
  50.000      0.000    -46.781    -46.781    -39.677     54.003    144.236      0.000    -65.700    500.000     0.0000     0.0000 
  50.200      0.000    -46.773    -46.773    -39.677     52.459    140.642      0.000    -65.700    500.000     0.0000     0.0000 
  50.400      0.000    -46.765    -46.765    -39.677     50.957    137.507      0.000    -65.700    500.000     0.0000     0.0000 
  50.600      0.000    -46.757    -46.757    -39.677     49.504    134.912      0.000    -65.700    500.000     0.0000     0.0000 
  50.800      0.000    -46.749    -46.749    -39.677     48.107    132.954      0.000    -65.700    500.000     0.0000     0.0000 
  51.000      0.000    -46.741    -46.741    -39.677     46.771    131.721      0.000    -65.700    500.000     0.0000     0.0000 
  51.200      0.000    -46.733    -46.733    -39.677     45.503    131.290      0.000    -65.700    500.000     0.0000     0.0000 
  51.400      0.000    -46.726    -46.726    -39.677     44.307    131.712      0.000    -65.700    500.000     0.0000     0.0000 
  51.600      0.000    -46.718    -46.718    -39.677     43.189    133.003      0.000    -65.700    500.000     0.0000     0.0000 
  51.800      0.000    -46.711    -46.711    -39.677     42.153    135.136      0.000    -65.700    500.000     0.0000     0.0000 
  52.000      0.000    -46.703    -46.703    -39.677     41.203    138.048      0.000    -65.700    500.000     0.0000     0.0000 
  52.200      0.000    -46.696    -46.696    -39.677     40.343    141.660      0.000    -65.700    500.000     0.0000     0.0000 
  52.400      0.000    -46.689    -46.689    -39.677     39.575    145.832      0.000    -65.700    500.000     0.0000     0.0000 
  52.600      0.000    -46.682    -46.682    -39.677     38.902    150.309      0.000    -65.700    500.000     0.0000     0.0000 
  52.800      0.000    -46.675    -46.675    -39.677     38.327    154.785      0.000    -65.700    500.000     0.0000     0.0000 
  53.000      0.000    -46.668    -46.668    -39.677     37.851    158.991      0.000    -65.700    500.000     0.0000     0.0000 
  53.200      0.000    -46.662    -46.662    -39.677     37.476    162.723      0.000    -65.700    500.000     0.0000     0.0000 
  53.400      0.000    -46.655    -46.655    -39.677     37.201    165.860      0.000    -65.700    500.000     0.0000     0.0000 
  53.600      0.000    -46.648    -46.648    -39.677     37.028    168.361      0.000    -65.700    500.000     0.0000     0.0000 
  53.800      0.000    -46.642    -46.642    -39.677     36.955    170.244      0.000    -65.700    500.000     0.0000     0.0000 
  54.000      0.000    -46.636    -46.636    -39.677     36.983    171.526      0.000    -65.700    500.000     0.0000     0.0000 
  54.200      0.000    -46.629    -46.629    -39.677     37.109    172.211      0.000    -65.700    500.000     0.0000     0.0000 
  54.400      0.000    -46.623    -46.623    -39.677     37.333    172.289      0.000    -65.700    500.000     0.0000     0.0000 
  54.600      0.000    -46.617    -46.617    -39.677     37.652    171.748      0.000    -65.700    500.000     0.0000     0.0000 
  54.800      0.000    -46.611    -46.611    -39.677     38.064    170.589      0.000    -65.700    500.000     0.0000     0.0000 
  55.000      0.000    -46.605    -46.605    -39.677     38.565    168.833      0.000    -65.700    500.000     0.0000     0.0000 
  55.200      0.000    -46.599    -46.599    -39.677     39.153    166.527      0.000    -65.700    500.000     0.0000     0.0000 
  55.400      0.000    -46.593    -46.593    -39.677     39.823    163.747      0.000    -65.700    500.000     0.0000     0.0000 
  55.600      0.000    -46.588    -46.588    -39.677     40.571    160.609      0.000    -65.700    500.000     0.0000     0.0000 
  55.800      0.000    -46.582    -46.582    -39.677     41.393    157.266      0.000    -65.700    500.000     0.0000     0.0000 
  56.000      0.000    -46.577    -46.577    -39.677     42.283    153.887      0.000    -65.700    500.000     0.0000     0.0000 
  56.200      0.000    -46.571    -46.571    -39.677     43.237    150.628      0.000    -65.700    500.000     0.0000     0.0000 
  56.400      0.000    -46.566    -46.566    -39.677     44.250    147.590      0.000    -65.700    500.000     0.0000     0.0000 
  56.600      0.000    -46.560    -46.560    -39.677     45.315    144.819      0.000    -65.700    500.000     0.0000     0.0000 
  56.800      0.000    -46.555    -46.555    -39.677     46.426    142.352      0.000    -65.700    500.000     0.0000     0.0000 
  57.000      0.000    -46.550    -46.550    -39.677     47.578    140.240      0.000    -65.700    500.000     0.0000     0.0000 
  57.200      0.000    -46.545    -46.545    -39.677     48.765    138.568      0.000    -65.700    500.000     0.0000     0.0000 
  57.400      0.000    -46.540    -46.540    -39.677     49.979    137.431      0.000    -65.700    500.000     0.0000     0.0000 
  57.600      0.000    -46.535    -46.535    -39.677     51.214    136.902      0.000    -65.700    500.000     0.0000     0.0000 
  57.800      0.000    -46.530    -46.530    -39.677     52.465    137.028      0.000    -65.700    500.000     0.0000     0.0000 
  58.000      0.000    -46.525    -46.525    -39.677     53.724    137.825      0.000    -65.700    500.000     0.0000     0.0000 
  58.200      0.000    -46.521    -46.521    -39.677     54.984    139.277      0.000    -65.700    500.000     0.0000     0.0000 
  58.400      0.000    -46.516    -46.516    -39.677     56.240    141.350      0.000    -65.700    500.000     0.0000     0.0000 
  58.600      0.000    -46.511    -46.511    -39.677     57.485    144.007      0.000    -65.700    500.000     0.0000     0.0000 
  58.800      0.000    -46.507    -46.507    -39.677     58.714    147.119      0.000    -65.700    500.000     0.0000     0.0000 
  59.000      0.000    -46.502    -46.502    -39.677     59.918    150.483      0.000    -65.700    500.000     0.0000     0.0000 
  59.200      0.000    -46.498    -46.498    -39.677     61.094    153.865      0.000    -65.700    500.000     0.0000     0.0000 
  59.400      0.000    -46.493    -46.493    -39.677     62.235    157.057      0.000    -65.700    500.000     0.0000     0.0000 
  59.600      0.000    -46.489    -46.489    -39.677     63.336    159.909      0.000    -65.700    500.000     0.0000     0.0000 
  59.800      0.000    -46.485    -46.485    -39.677     64.391    162.324      0.000    -65.700    500.000     0.0000     0.0000 
  60.000      0.000    -46.481    -46.481    -39.677     65.396    164.268      0.000    -65.700    500.000     0.0000     0.0000 
  60.200      0.000    -46.477    -46.477    -39.677     66.346    165.748      0.000    -65.700    500.000     0.0000     0.0000 
  60.400      0.000    -46.473    -46.473    -39.677     67.236    166.782      0.000    -65.700    500.000     0.0000     0.0000 
  60.600      0.000    -46.469    -46.469    -39.677     68.064    167.380      0.000    -65.700    500.000     0.0000     0.0000 
  60.800      0.000    -46.465    -46.465    -39.677     68.825    167.540      0.000    -65.700    500.000     0.0000     0.0000 
  61.000      0.000    -46.461    -46.461    -39.677     69.516    167.254      0.000    -65.700    500.000     0.0000     0.0000 
  61.200      0.000    -46.457    -46.457    -39.677     70.135    166.517      0.000    -65.700    500.000     0.0000     0.0000 
  61.400      0.000    -46.453    -46.453    -39.677     70.678    165.336      0.000    -65.700    500.000     0.0000     0.0000 
  61.600      0.000    -46.449    -46.449    -39.677     71.144    163.741      0.000    -65.700    500.000     0.0000     0.0000 
  61.800      0.000    -46.446    -46.446    -39.677     71.532    161.776      0.000    -65.700    500.000     0.0000     0.0000 
  62.000      0.000    -46.442    -46.442    -39.677     71.840    159.518      0.000    -65.700    500.000     0.0000     0.0000 
  62.200      0.000    -46.438    -46.438    -39.677     72.068    157.070      0.000    -65.700    500.000     0.0000     0.0000 
  62.400      0.000    -46.435    -46.435    -39.677     72.214    154.555      0.000    -65.700    500.000     0.0000     0.0000 
  62.600      0.000    -46.431    -46.431    -39.677     72.280    152.094      0.000    -65.700    500.000     0.0000     0.0000 
  62.800      0.000    -46.428    -46.428    -39.677     72.266    149.770      0.000    -65.700    500.000     0.0000     0.0000 
  63.000      0.000    -46.424    -46.424    -39.677     72.173    147.621      0.000    -65.700    500.000     0.0000     0.0000 
  63.200      0.000    -46.421    -46.421    -39.677     72.002    145.671      0.000    -65.700    500.000     0.0000     0.0000 
  63.400      0.000    -46.418    -46.418    -39.677     71.755    143.962      0.000    -65.700    500.000     0.0000     0.0000 
  63.600      0.000    -46.415    -46.415    -39.677     71.434    142.555      0.000    -65.700    500.000     0.0000     0.0000 
  63.800      0.000    -46.411    -46.411    -39.677     71.042    141.531      0.000    -65.700    500.000     0.0000     0.0000 
  64.000      0.000    -46.408    -46.408    -39.677     70.581    140.965      0.000    -65.700    500.000     0.0000     0.0000 
  64.200      0.000    -46.405    -46.405    -39.677     70.055    140.912      0.000    -65.700    500.000     0.0000     0.0000 
  64.400      0.000    -46.402    -46.402    -39.677     69.467    141.391      0.000    -65.700    500.000     0.0000     0.0000 
  64.600      0.000    -46.399    -46.399    -39.677     68.820    142.410      0.000    -65.700    500.000     0.0000     0.0000 
  64.800      0.000    -46.396    -46.396    -39.677     68.120    143.961      0.000    -65.700    500.000     0.0000     0.0000 
  65.000      0.000    -46.393    -46.393    -39.677     67.369    145.981      0.000    -65.700    500.000     0.0000     0.0000 
  65.200      0.000    -46.390    -46.390    -39.677     66.573    148.350      0.000    -65.700    500.000     0.0000     0.0000 
  65.400      0.000    -46.387    -46.387    -39.677     65.737    150.906      0.000    -65.700    500.000     0.0000     0.0000 
  65.600      0.000    -46.384    -46.384    -39.677     64.865    153.473      0.000    -65.700    500.000     0.0000     0.0000 
  65.800      0.000    -46.382    -46.382    -39.677     63.962    155.896      0.000    -65.700    500.000     0.0000     0.0000 
  66.000      0.000    -46.379    -46.379    -39.677     63.033    158.067      0.000    -65.700    500.000     0.0000     0.0000 
  66.200      0.000    -46.376    -46.376    -39.677     62.083    159.921      0.000    -65.700    500.000     0.0000     0.0000 
  66.400      0.000    -46.373    -46.373    -39.677     61.118    161.427      0.000    -65.700    500.000     0.0000     0.0000 
  66.600      0.000    -46.371    -46.371    -39.677     60.142    162.582      0.000    -65.700    500.000     0.0000     0.0000 
  66.800      0.000    -46.368    -46.368    -39.677     59.161    163.404      0.000    -65.700    500.000     0.0000     0.0000 
  67.000      0.000    -46.366    -46.366    -39.677     58.180    163.904      0.000    -65.700    500.000     0.0000     0.0000 
  67.200      0.000    -46.363    -46.363    -39.677     57.203    164.087      0.000    -65.700    500.000     0.0000     0.0000 
  67.400      0.000    -46.361    -46.361    -39.677     56.236    163.946      0.000    -65.700    500.000     0.0000     0.0000 
  67.600      0.000    -46.358    -46.358    -39.677     55.284    163.476      0.000    -65.700    500.000     0.0000     0.0000 
  67.800      0.000    -46.356    -46.356    -39.677     54.350    162.677      0.000    -65.700    500.000     0.0000     0.0000 
  68.000      0.000    -46.353    -46.353    -39.677     53.440    161.563      0.000    -65.700    500.000     0.0000     0.0000 
  68.200      0.000    -46.351    -46.351    -39.677     52.557    160.164      0.000    -65.700    500.000     0.0000     0.0000 
  68.400      0.000    -46.349    -46.349    -39.677     51.707    158.527      0.000    -65.700    500.000     0.0000     0.0000 
  68.600      0.000    -46.346    -46.346    -39.677     50.892    156.723      0.000    -65.700    500.000     0.0000     0.0000 
  68.800      0.000    -46.344    -46.344    -39.677     50.117    154.840      0.000    -65.700    500.000     0.0000     0.0000 
  69.000      0.000    -46.342    -46.342    -39.677     49.385    152.968      0.000    -65.700    500.000     0.0000     0.0000 
  69.200      0.000    -46.340    -46.340    -39.677     48.699    151.176      0.000    -65.700    500.000     0.0000     0.0000 
  69.400      0.000    -46.337    -46.337    -39.677     48.062    149.498      0.000    -65.700    500.000     0.0000     0.0000 
  69.600      0.000    -46.335    -46.335    -39.677     47.477    147.949      0.000    -65.700    500.000     0.0000     0.0000 
  69.800      0.000    -46.333    -46.333    -39.677     46.945    146.561      0.000    -65.700    500.000     0.0000     0.0000 
  70.000      0.000    -46.331    -46.331    -39.677     46.470    145.390      0.000    -65.700    500.000     0.0000     0.0000 
  70.200      0.000    -46.329    -46.329    -39.677     46.052    144.507      0.000    -65.700    500.000     0.0000     0.0000 
  70.400      0.000    -46.327    -46.327    -39.677     45.694    143.976      0.000    -65.700    500.000     0.0000     0.0000 
  70.600      0.000    -46.325    -46.325    -39.677     45.396    143.847      0.000    -65.700    500.000     0.0000     0.0000 
  70.800      0.000    -46.323    -46.323    -39.677     45.159    144.152      0.000    -65.700    500.000     0.0000     0.0000 
  71.000      0.000    -46.321    -46.321    -39.677     44.984    144.902      0.000    -65.700    500.000     0.0000     0.0000 
  71.200      0.000    -46.319    -46.319    -39.677     44.871    146.077      0.000    -65.700    500.000     0.0000     0.0000 
  71.400      0.000    -46.317    -46.317    -39.677     44.820    147.613      0.000    -65.700    500.000     0.0000     0.0000 
  71.600      0.000    -46.315    -46.315    -39.677     44.830    149.412      0.000    -65.700    500.000     0.0000     0.0000 
  71.800      0.000    -46.314    -46.314    -39.677     44.900    151.352      0.000    -65.700    500.000     0.0000     0.0000 
  72.000      0.000    -46.312    -46.312    -39.677     45.031    153.301      0.000    -65.700    500.000     0.0000     0.0000 
  72.200      0.000    -46.310    -46.310    -39.677     45.219    155.145      0.000    -65.700    500.000     0.0000     0.0000 
  72.400      0.000    -46.308    -46.308    -39.677     45.465    156.805      0.000    -65.700    500.000     0.0000     0.0000 
  72.600      0.000    -46.306    -46.306    -39.677     45.765    158.236      0.000    -65.700    500.000     0.0000     0.0000 
  72.800      0.000    -46.305    -46.305    -39.677     46.118    159.410      0.000    -65.700    500.000     0.0000     0.0000 
  73.000      0.000    -46.303    -46.303    -39.677     46.521    160.320      0.000    -65.700    500.000     0.0000     0.0000 
  73.200      0.000    -46.301    -46.301    -39.677     46.971    160.975      0.000    -65.700    500.000     0.0000     0.0000 
  73.400      0.000    -46.300    -46.300    -39.677     47.467    161.389      0.000    -65.700    500.000     0.0000     0.0000 
  73.600      0.000    -46.298    -46.298    -39.677     48.005    161.567      0.000    -65.700    500.000     0.0000     0.0000 
  73.800      0.000    -46.297    -46.297    -39.677     48.581    161.508      0.000    -65.700    500.000     0.0000     0.0000 
  74.000      0.000    -46.295    -46.295    -39.677     49.192    161.206      0.000    -65.700    500.000     0.0000     0.0000 
  74.200      0.000    -46.293    -46.293    -39.677     49.835    160.658      0.000    -65.700    500.000     0.0000     0.0000 
  74.400      0.000    -46.292    -46.292    -39.677     50.506    159.870      0.000    -65.700    500.000     0.0000     0.0000 
  74.600      0.000    -46.290    -46.290    -39.677     51.202    158.860      0.000    -65.700    500.000     0.0000     0.0000 
  74.800      0.000    -46.289    -46.289    -39.677     51.918    157.659      0.000    -65.700    500.000     0.0000     0.0000 
  75.000      0.000    -46.287    -46.287    -39.677     52.650    156.316      0.000    -65.700    500.000     0.0000     0.0000 
  75.200      0.000    -46.286    -46.286    -39.677     53.395    154.894      0.000    -65.700    500.000     0.0000     0.0000 
  75.400      0.000    -46.284    -46.284    -39.677     54.149    153.463      0.000    -65.700    500.000     0.0000     0.0000 
  75.600      0.000    -46.283    -46.283    -39.677     54.908    152.073      0.000    -65.700    500.000     0.0000     0.0000 
  75.800      0.000    -46.282    -46.282    -39.677     55.667    150.756      0.000    -65.700    500.000     0.0000     0.0000 
  76.000      0.000    -46.280    -46.280    -39.677     56.424    149.529      0.000    -65.700    500.000     0.0000     0.0000 
  76.200      0.000    -46.279    -46.279    -39.677     57.173    148.421      0.000    -65.700    500.000     0.0000     0.0000 
  76.400      0.000    -46.278    -46.278    -39.677     57.912    147.474      0.000    -65.700    500.000     0.0000     0.0000 
  76.600      0.000    -46.276    -46.276    -39.677     58.637    146.742      0.000    -65.700    500.000     0.0000     0.0000 
  76.800      0.000    -46.275    -46.275    -39.677     59.344    146.281      0.000    -65.700    500.000     0.0000     0.0000 
  77.000      0.000    -46.274    -46.274    -39.677     60.030    146.138      0.000    -65.700    500.000     0.0000     0.0000 
  77.200      0.000    -46.272    -46.272    -39.677     60.692    146.339      0.000    -65.700    500.000     0.0000     0.0000 
  77.400      0.000    -46.271    -46.271    -39.677     61.326    146.887      0.000    -65.700    500.000     0.0000     0.0000 
  77.600      0.000    -46.270    -46.270    -39.677     61.930    147.761      0.000    -65.700    500.000     0.0000     0.0000 
  77.800      0.000    -46.269    -46.269    -39.677     62.501    148.911      0.000    -65.700    500.000     0.0000     0.0000 
  78.000      0.000    -46.268    -46.268    -39.677     63.037    150.265      0.000    -65.700    500.000     0.0000     0.0000 
  78.200      0.000    -46.266    -46.266    -39.677     63.535    151.733      0.000    -65.700    500.000     0.0000     0.0000 
  78.400      0.000    -46.265    -46.265    -39.677     63.993    153.219      0.000    -65.700    500.000     0.0000     0.0000 
  78.600      0.000    -46.264    -46.264    -39.677     64.409    154.634      0.000    -65.700    500.000     0.0000     0.0000 
  78.800      0.000    -46.263    -46.263    -39.677     64.781    155.915      0.000    -65.700    500.000     0.0000     0.0000 
  79.000      0.000    -46.262    -46.262    -39.677     65.109    157.028      0.000    -65.700    500.000     0.0000     0.0000 
  79.200      0.000    -46.261    -46.261    -39.677     65.391    157.951      0.000    -65.700    500.000     0.0000     0.0000 
  79.400      0.000    -46.260    -46.260    -39.677     65.626    158.676      0.000    -65.700    500.000     0.0000     0.0000 
  79.600      0.000    -46.259    -46.259    -39.677     65.814    159.204      0.000    -65.700    500.000     0.0000     0.0000 
  79.800      0.000    -46.258    -46.258    -39.677     65.953    159.546      0.000    -65.700    500.000     0.0000     0.0000 
  80.000      0.000    -46.257    -46.257    -39.677     66.044    159.709      0.000    -65.700    500.000     0.0000     0.0000 
  80.200      0.000    -46.255    -46.255    -39.677     66.087    159.694      0.000    -65.700    500.000     0.0000     0.0000 
  80.400      0.000    -46.254    -46.254    -39.677     66.082    159.498      0.000    -65.700    500.000     0.0000     0.0000 
  80.600      0.000    -46.253    -46.253    -39.677     66.030    159.115      0.000    -65.700    500.000     0.0000     0.0000 
  80.800      0.000    -46.253    -46.253    -39.677     65.931    158.550      0.000    -65.700    500.000     0.0000     0.0000 
  81.000      0.000    -46.252    -46.252    -39.677     65.787    157.812      0.000    -65.700    500.000     0.0000     0.0000 
  81.200      0.000    -46.251    -46.251    -39.677     65.599    156.923      0.000    -65.700    500.000     0.0000     0.0000 
  81.400      0.000    -46.250    -46.250    -39.677     65.368    155.916      0.000    -65.700    500.000     0.0000     0.0000 
  81.600      0.000    -46.249    -46.249    -39.677     65.095    154.839      0.000    -65.700    500.000     0.0000     0.0000 
  81.800      0.000    -46.248    -46.248    -39.677     64.784    153.740      0.000    -65.700    500.000     0.0000     0.0000 
  82.000      0.000    -46.247    -46.247    -39.677     64.435    152.657      0.000    -65.700    500.000     0.0000     0.0000 
  82.200      0.000    -46.246    -46.246    -39.677     64.051    151.618      0.000    -65.700    500.000     0.0000     0.0000 
  82.400      0.000    -46.245    -46.245    -39.677     63.635    150.646      0.000    -65.700    500.000     0.0000     0.0000 
  82.600      0.000    -46.244    -46.244    -39.677     63.188    149.767      0.000    -65.700    500.000     0.0000     0.0000 
  82.800      0.000    -46.243    -46.243    -39.677     62.714    149.016      0.000    -65.700    500.000     0.0000     0.0000 
  83.000      0.000    -46.243    -46.243    -39.677     62.216    148.432      0.000    -65.700    500.000     0.0000     0.0000 
  83.200      0.000    -46.242    -46.242    -39.677     61.695    148.057      0.000    -65.700    500.000     0.0000     0.0000 
  83.400      0.000    -46.241    -46.241    -39.677     61.156    147.923      0.000    -65.700    500.000     0.0000     0.0000 
  83.600      0.000    -46.240    -46.240    -39.677     60.601    148.050      0.000    -65.700    500.000     0.0000     0.0000 
  83.800      0.000    -46.239    -46.239    -39.677     60.032    148.440      0.000    -65.700    500.000     0.0000     0.0000 
  84.000      0.000    -46.239    -46.239    -39.677     59.454    149.079      0.000    -65.700    500.000     0.0000     0.0000 
  84.200      0.000    -46.238    -46.238    -39.677     58.869    149.932      0.000    -65.700    500.000     0.0000     0.0000 
  84.400      0.000    -46.237    -46.237    -39.677     58.280    150.948      0.000    -65.700    500.000     0.0000     0.0000 
  84.600      0.000    -46.236    -46.236    -39.677     57.691    152.062      0.000    -65.700    500.000     0.0000     0.0000 
  84.800      0.000    -46.235    -46.235    -39.677     57.104    153.199      0.000    -65.700    500.000     0.0000     0.0000 
  85.000      0.000    -46.235    -46.235    -39.677     56.522    154.291      0.000    -65.700    500.000     0.0000     0.0000 
  85.200      0.000    -46.234    -46.234    -39.677     55.948    155.286      0.000    -65.700    500.000     0.0000     0.0000 
  85.400      0.000    -46.233    -46.233    -39.677     55.385    156.154      0.000    -65.700    500.000     0.0000     0.0000 
  85.600      0.000    -46.233    -46.233    -39.677     54.836    156.883      0.000    -65.700    500.000     0.0000     0.0000 
  85.800      0.000    -46.232    -46.232    -39.677     54.303    157.465      0.000    -65.700    500.000     0.0000     0.0000 
  86.000      0.000    -46.231    -46.231    -39.677     53.789    157.895      0.000    -65.700    500.000     0.0000     0.0000 
  86.200      0.000    -46.231    -46.231    -39.677     53.297    158.179      0.000    -65.700    500.000     0.0000     0.0000 
  86.400      0.000    -46.230    -46.230    -39.677     52.827    158.323      0.000    -65.700    500.000     0.0000     0.0000 
  86.600      0.000    -46.229    -46.229    -39.677     52.384    158.330      0.000    -65.700    500.000     0.0000     0.0000 
  86.800      0.000    -46.229    -46.229    -39.677     51.967    158.200      0.000    -65.700    500.000     0.0000     0.0000 
  87.000      0.000    -46.228    -46.228    -39.677     51.580    157.931      0.000    -65.700    500.000     0.0000     0.0000 
  87.200      0.000    -46.227    -46.227    -39.677     51.224    157.522      0.000    -65.700    500.000     0.0000     0.0000 
  87.400      0.000    -46.227    -46.227    -39.677     50.901    156.979      0.000    -65.700    500.000     0.0000     0.0000 
  87.600      0.000    -46.226    -46.226    -39.677     50.611    156.317      0.000    -65.700    500.000     0.0000     0.0000 
  87.800      0.000    -46.225    -46.225    -39.677     50.355    155.559      0.000    -65.700    500.000     0.0000     0.0000 
  88.000      0.000    -46.225    -46.225    -39.677     50.136    154.740      0.000    -65.700    500.000     0.0000     0.0000 
  88.200      0.000    -46.224    -46.224    -39.677     49.952    153.890      0.000    -65.700    500.000     0.0000     0.0000 
  88.400      0.000    -46.224    -46.224    -39.677     49.806    153.043      0.000    -65.700    500.000     0.0000     0.0000 
  88.600      0.000    -46.223    -46.223    -39.677     49.697    152.223      0.000    -65.700    500.000     0.0000     0.0000 
  88.800      0.000    -46.223    -46.223    -39.677     49.625    151.455      0.000    -65.700    500.000     0.0000     0.0000 
  89.000      0.000    -46.222    -46.222    -39.677     49.590    150.761      0.000    -65.700    500.000     0.0000     0.0000 
  89.200      0.000    -46.221    -46.221    -39.677     49.593    150.168      0.000    -65.700    500.000     0.0000     0.0000 
  89.400      0.000    -46.221    -46.221    -39.677     49.632    149.706      0.000    -65.700    500.000     0.0000     0.0000 
  89.600      0.000    -46.220    -46.220    -39.677     49.707    149.401      0.000    -65.700    500.000     0.0000     0.0000 
  89.800      0.000    -46.220    -46.220    -39.677     49.818    149.280      0.000    -65.700    500.000     0.0000     0.0000 
  90.000      0.000    -46.219    -46.219    -39.677     49.963    149.356      0.000    -65.700    500.000     0.0000     0.0000 
  90.200      0.000    -46.219    -46.219    -39.677     50.141    149.633      0.000    -65.700    500.000     0.0000     0.0000 
  90.400      0.000    -46.218    -46.218    -39.677     50.350    150.101      0.000    -65.700    500.000     0.0000     0.0000 
  90.600      0.000    -46.218    -46.218    -39.677     50.591    150.737      0.000    -65.700    500.000     0.0000     0.0000 
  90.800      0.000    -46.217    -46.217    -39.677     50.860    151.503      0.000    -65.700    500.000     0.0000     0.0000 
  91.000      0.000    -46.217    -46.217    -39.677     51.156    152.351      0.000    -65.700    500.000     0.0000     0.0000 
  91.200      0.000    -46.216    -46.216    -39.677     51.478    153.224      0.000    -65.700    500.000     0.0000     0.0000 
  91.400      0.000    -46.216    -46.216    -39.677     51.823    154.070      0.000    -65.700    500.000     0.0000     0.0000 
  91.600      0.000    -46.215    -46.215    -39.677     52.190    154.845      0.000    -65.700    500.000     0.0000     0.0000 
  91.800      0.000    -46.215    -46.215    -39.677     52.575    155.526      0.000    -65.700    500.000     0.0000     0.0000 
  92.000      0.000    -46.215    -46.215    -39.677     52.978    156.101      0.000    -65.700    500.000     0.0000     0.0000 
  92.200      0.000    -46.214    -46.214    -39.677     53.396    156.568      0.000    -65.700    500.000     0.0000     0.0000 
  92.400      0.000    -46.214    -46.214    -39.677     53.826    156.921      0.000    -65.700    500.000     0.0000     0.0000 
  92.600      0.000    -46.213    -46.213    -39.677     54.266    157.158      0.000    -65.700    500.000     0.0000     0.0000 
  92.800      0.000    -46.213    -46.213    -39.677     54.714    157.284      0.000    -65.700    500.000     0.0000     0.0000 
  93.000      0.000    -46.212    -46.212    -39.677     55.167    157.303      0.000    -65.700    500.000     0.0000     0.0000 
  93.200      0.000    -46.212    -46.212    -39.677     55.623    157.216      0.000    -65.700    500.000     0.0000     0.0000 
  93.400      0.000    -46.212    -46.212    -39.677     56.080    157.022      0.000    -65.700    500.000     0.0000     0.0000 
  93.600      0.000    -46.211    -46.211    -39.677     56.535    156.723      0.000    -65.700    500.000     0.0000     0.0000 
  93.800      0.000    -46.211    -46.211    -39.677     56.987    156.320      0.000    -65.700    500.000     0.0000     0.0000 
  94.000      0.000    -46.210    -46.210    -39.677     57.432    155.824      0.000    -65.700    500.000     0.0000     0.0000 
  94.200      0.000    -46.210    -46.210    -39.677     57.868    155.251      0.000    -65.700    500.000     0.0000     0.0000 
  94.400      0.000    -46.210    -46.210    -39.677     58.294    154.623      0.000    -65.700    500.000     0.0000     0.0000 
  94.600      0.000    -46.209    -46.209    -39.677     58.708    153.964      0.000    -65.700    500.000     0.0000     0.0000 
  94.800      0.000    -46.209    -46.209    -39.677     59.107    153.299      0.000    -65.700    500.000     0.0000     0.0000 
  95.000      0.000    -46.209    -46.209    -39.677     59.489    152.652      0.000    -65.700    500.000     0.0000     0.0000 
  95.200      0.000    -46.208    -46.208    -39.677     59.854    152.046      0.000    -65.700    500.000     0.0000     0.0000 
  95.400      0.000    -46.208    -46.208    -39.677     60.199    151.499      0.000    -65.700    500.000     0.0000     0.0000 
  95.600      0.000    -46.207    -46.207    -39.677     60.522    151.031      0.000    -65.700    500.000     0.0000     0.0000 
  95.800      0.000    -46.207    -46.207    -39.677     60.823    150.662      0.000    -65.700    500.000     0.0000     0.0000 
  96.000      0.000    -46.207    -46.207    -39.677     61.100    150.415      0.000    -65.700    500.000     0.0000     0.0000 
  96.200      0.000    -46.206    -46.206    -39.677     61.352    150.308      0.000    -65.700    500.000     0.0000     0.0000 
  96.400      0.000    -46.206    -46.206    -39.677     61.578    150.351      0.000    -65.700    500.000     0.0000     0.0000 
  96.600      0.000    -46.206    -46.206    -39.677     61.777    150.548      0.000    -65.700    500.000     0.0000     0.0000 
  96.800      0.000    -46.205    -46.205    -39.677     61.949    150.892      0.000    -65.700    500.000     0.0000     0.0000 
  97.000      0.000    -46.205    -46.205    -39.677     62.092    151.368      0.000    -65.700    500.000     0.0000     0.0000 
  97.200      0.000    -46.205    -46.205    -39.677     62.207    151.950      0.000    -65.700    500.000     0.0000     0.0000 
  97.400      0.000    -46.205    -46.205    -39.677     62.293    152.600      0.000    -65.700    500.000     0.0000     0.0000 
  97.600      0.000    -46.204    -46.204    -39.677     62.351    153.275      0.000    -65.700    500.000     0.0000     0.0000 
  97.800      0.000    -46.204    -46.204    -39.677     62.379    153.933      0.000    -65.700    500.000     0.0000     0.0000 
  98.000      0.000    -46.204    -46.204    -39.677     62.378    154.539      0.000    -65.700    500.000     0.0000     0.0000 
  98.200      0.000    -46.203    -46.203    -39.677     62.350    155.074      0.000    -65.700    500.000     0.0000     0.0000 
  98.400      0.000    -46.203    -46.203    -39.677     62.293    155.529      0.000    -65.700    500.000     0.0000     0.0000 
  98.600      0.000    -46.203    -46.203    -39.677     62.209    155.901      0.000    -65.700    500.000     0.0000     0.0000 
  98.800      0.000    -46.202    -46.202    -39.677     62.098    156.190      0.000    -65.700    500.000     0.0000     0.0000 
  99.000      0.000    -46.202    -46.202    -39.677     61.962    156.392      0.000    -65.700    500.000     0.0000     0.0000 
  99.200      0.000    -46.202    -46.202    -39.677     61.800    156.503      0.000    -65.700    500.000     0.0000     0.0000 
  99.400      0.000    -46.202    -46.202    -39.677     61.615    156.527      0.000    -65.700    500.000     0.0000     0.0000 
  99.600      0.000    -46.201    -46.201    -39.677     61.408    156.467      0.000    -65.700    500.000     0.0000     0.0000 
  99.800      0.000    -46.201    -46.201    -39.677     61.180    156.324      0.000    -65.700    500.000     0.0000     0.0000 
 100.000      0.000    -46.201    -46.201    -39.677     60.931    156.101      0.000    -65.700    500.000     0.0000     0.0000 